0.0
7.55139565066e-05
0.000273517767557
0.00099400787837
0.00350822252228
0.0113928513594
0.0304940645841
0.0596359926799
0.0819269414273
0.0834265663354
0.0674627544775
0.0460290386407
0.0279618353897
0.0158949939365
0.00889915934315
0.0050699254048
0.00305387044778
0.00197378221435
0.0012915035176
0.000814284130858
0.000490607882764
0.000308797304726
0.000207195668927
0.000137018524915
8.19056728101e-05
3.72351429711e-05
1.17913328483e-05
2.74806016498e-06
5.4940779218e-07
1.08758233954e-07
2.50194998298e-08
4.08481629874e-09
