@Params InitialVertex = 1 InfectionProbability = 1 TotalSteps = 26 StepsEachTime = 4
numberInfectedVerticesEachInstant = [1, 3, 9, 21, 31, 47, 80, 180, 379, 710, 1012, 1340, 1588, 2013, 2261, 2438, 2533, 2902, 3087, 3206, 3278, 3715, 3914, 4027, 4092, 4697, 4886, 4994, 5045, 5800, 6026, 6137, 6203, 7107, 7457, 7738, 7912, 9197, 9649, 9899, 10033, 11419, 11811, 11983, 12056, 13777, 14242, 14511, 14629, 16857, 17408, 17699, 17791, 20148, 20718, 20987, 21085, 24229, 25010, 25343, 25449, 29358, 30466, 31028, 31256, 36286, 37676, 38384, 38682, 44501, 45998, 46686, 47002, 54067, 56136, 57078, 57473, 66696, 69229, 70311, 70728, 81470, 84324, 85644, 86113, 98525, 101249, 102164, 102502, 115457, 118326, 119465, 119842, 135876, 139240, 140550, 141035, 158591, 161837, 163068, 163425, 183360, 186599, 187728]
numberInfectedVerticesEachTime = [1, 31, 379, 1588, 2533, 3278, 4092, 5045, 6203, 7912, 10033, 12056, 14629, 17791, 21085, 25449, 31256, 38682, 47002, 57473, 70728, 86113, 102502, 119842, 141035, 163425]
@Params InitialVertex = 1 InfectionProbability = 1 TotalSteps = 26 StepsEachTime = 3
numberInfectedVerticesEachInstant = [1, 3, 9, 21, 38, 62, 119, 291, 595, 911, 1441, 1959, 2282, 2774, 2981, 3144, 3645, 3882, 4013, 4628, 4862, 4977, 5761, 6002, 6128, 7075, 7426, 7721, 9026, 9549, 9830, 11356, 11781, 11962, 13724, 14208, 14493, 16801, 17373, 17677, 20103, 20694, 20963, 24165, 24990, 25319, 29276, 30418, 31016, 36152, 37635, 38373, 44376, 45954, 46674, 53902, 56079, 57058, 66511, 69155, 70281, 81239, 84247, 85595, 98283, 101169, 102151, 115298, 118282, 119452, 135698, 139182, 140536, 158435, 161776, 163033, 183225, 186571]
numberInfectedVerticesEachTime = [1, 21, 119, 911, 2282, 3144, 4013, 4977, 6128, 7721, 9830, 11962, 14493, 17677, 20963, 25319, 31016, 38373, 46674, 57058, 70281, 85595, 102151, 119452, 140536, 163033]
@Params InitialVertex = 1 InfectionProbability = 1 TotalSteps = 26 StepsEachTime = 5
numberInfectedVerticesEachInstant = [1, 3, 9, 21, 31, 38, 56, 122, 275, 490, 733, 1137, 1433, 1634, 1744, 1801, 2139, 2330, 2473, 2545, 2565, 2934, 3107, 3216, 3278, 3314, 3741, 3928, 4033, 4096, 4143, 4720, 4905, 5004, 5054, 5073, 5808, 6028, 6137, 6203, 6230, 7136, 7473, 7739, 7912, 8041, 9291, 9710, 9923, 10046, 10076, 11442, 11827, 12000, 12066, 12084, 13788, 14242, 14511, 14629, 14666, 16895, 17433, 17702, 17792, 17826, 20170, 20742, 20989, 21085, 21140, 24246, 25026, 25350, 25455, 25516, 29393, 30475, 31029, 31257, 31381, 36324, 37687, 38391, 38682, 38789, 44551, 46024, 46697, 47007, 47142, 54125, 56158, 57087, 57473, 57612, 66758, 69249, 70317, 70728, 70931, 81551, 84364, 85654, 86116, 86311, 98581, 101258, 102174, 102509, 102632, 115492, 118335, 119465, 119842, 119977, 135931, 139252, 140552, 141039, 141169, 158646, 161872, 163087, 163440, 163530, 183389, 186602, 187729, 188031]
numberInfectedVerticesEachTime = [1, 38, 733, 1801, 2565, 3314, 4143, 5073, 6230, 8041, 10076, 12084, 14666, 17826, 21140, 25516, 31381, 38789, 47142, 57612, 70931, 86311, 102632, 119977, 141169, 163530]
@Params InitialVertex = 1 InfectionProbability = 1 TotalSteps = 26 StepsEachTime = 6
numberInfectedVerticesEachInstant = [1, 3, 9, 21, 31, 38, 46, 92, 224, 419, 668, 939, 1147, 1459, 1643, 1742, 1804, 1834, 1841, 2161, 2334, 2473, 2545, 2565, 2592, 2954, 3117, 3216, 3278, 3314, 3335, 3753, 3934, 4037, 4096, 4143, 4162, 4740, 4915, 5013, 5059, 5074, 5074, 5808, 6028, 6137, 6203, 6230, 6245, 7152, 7474, 7739, 7912, 8041, 8119, 9350, 9733, 9936, 10055, 10078, 10087, 11457, 11837, 12002, 12066, 12084, 12088, 13788, 14242, 14511, 14629, 14666, 14701, 16920, 17436, 17703, 17792, 17826, 17847, 20194, 20744, 20989, 21085, 21140, 21157, 24262, 25033, 25356, 25457, 25516, 25543, 29401, 30476, 31030, 31257, 31381, 31412, 36336, 37693, 38391, 38682, 38789, 38836, 44581, 46035, 46702, 47007, 47142, 47186, 54147, 56167, 57087, 57473, 57612, 57666, 66785, 69255, 70317, 70728, 70931, 71005, 81592, 84374, 85657, 86117, 86311, 86359, 98590, 101268, 102181, 102511, 102633, 102661, 115498, 118335, 119465, 119842, 119977, 120031, 135941, 139254, 140556, 141040, 141169, 141206, 158664, 161886, 163092, 163440, 163530, 163552, 183391, 186602, 187729, 188031, 188116]
numberInfectedVerticesEachTime = [1, 46, 1147, 1841, 2592, 3335, 4162, 5074, 6245, 8119, 10087, 12088, 14701, 17847, 21157, 25543, 31412, 38836, 47186, 57666, 71005, 86359, 102661, 120031, 141206, 163552]
@Params InitialVertex = 100 InfectionProbability = 1 TotalSteps = 26 StepsEachTime = 4
numberInfectedVerticesEachInstant = [1, 1, 1, 1, 1, 1, 1, 1, 1, 1, 1, 1, 1, 1, 1, 1, 1, 1, 1, 1, 1, 1, 1, 1, 1, 1, 1, 1, 1, 1, 1, 1, 1, 1, 1, 1, 1, 1, 1, 1, 1, 1, 1, 1, 1, 1, 1, 1, 1, 1, 1, 1, 1, 1, 1, 1, 1, 1, 1, 1, 1, 1, 1, 1, 1, 1, 1, 1, 1, 1, 1, 1, 1, 1, 1, 1, 1, 2, 2, 2, 2, 2, 2, 2, 2, 4, 27, 172, 1682, 9141, 31867, 67710, 96463, 125682, 135729, 139371, 140660, 158480, 161805, 163060, 163424, 183360, 186599, 187728]
numberInfectedVerticesEachTime = [1, 1, 1, 1, 1, 1, 1, 1, 1, 1, 1, 1, 1, 1, 1, 1, 1, 1, 1, 1, 2, 2, 1682, 96463, 140660, 163424]
@Params InitialVertex = 50 InfectionProbability = 1 TotalSteps = 27 StepsEachTime = 4
numberInfectedVerticesEachInstant = [1, 1, 1, 1, 1, 1, 1, 1, 1, 1, 1, 1, 1, 1, 1, 1, 1, 1, 1, 1, 1, 1, 1, 1, 1, 1, 1, 1, 1, 1, 1, 1, 1, 1, 1, 1, 1, 1, 1, 1, 1, 1, 1, 1, 1, 1, 1, 1, 1, 1, 1, 1, 1, 1, 1, 1, 1, 1, 1, 1, 1, 1, 1, 1, 1, 6, 63, 453, 2668, 10301, 22691, 34242, 41191, 51070, 54845, 56519, 57259, 66561, 69132, 70266, 70711, 81469, 84324, 85644, 86113, 98525, 101249, 102164, 102502, 115457, 118326, 119465, 119842, 135876, 139240, 140550, 141035, 158591, 161837, 163068, 163425, 183360, 186599, 187728, 188027, 188116, 188146, 188163]
numberInfectedVerticesEachTime = [1, 1, 1, 1, 1, 1, 1, 1, 1, 1, 1, 1, 1, 1, 1, 1, 1, 2668, 41191, 57259, 70711, 86113, 102502, 119842, 141035, 163425, 188027]
@Params InitialVertex = 178 InfectionProbability = 1 TotalSteps = 28 StepsEachTime = 3
numberInfectedVerticesEachInstant = [1, 1, 1, 1, 1, 1, 1, 1, 1, 1, 1, 1, 1, 1, 1, 1, 1, 1, 1, 1, 1, 1, 1, 1, 1, 1, 1, 1, 1, 1, 1, 1, 1, 1, 1, 1, 1, 1, 1, 1, 4, 23, 72, 309, 1448, 5302, 13245, 21190, 26352, 33554, 36316, 37707, 43985, 45779, 46612, 53875, 56079, 57058, 66511, 69155, 70281, 81239, 84247, 85595, 98283, 101169, 102151, 115298, 118282, 119452, 135698, 139182, 140536, 158435, 161776, 163033, 183225, 186571, 187724, 188025, 188112, 188146, 188163, 188164]
numberInfectedVerticesEachTime = [1, 1, 1, 1, 1, 1, 1, 1, 1, 1, 1, 1, 1, 1, 72, 5302, 26352, 37707, 46612, 57058, 70281, 85595, 102151, 119452, 140536, 163033, 187724, 188146]
@Params InitialVertex = 1 InfectionProbability = 0.7 TotalSteps = 29 StepsEachTime = 3
numberInfectedVerticesEachInstant = [1, 3, 9, 19, 35, 57, 108, 260, 508, 787, 1269, 1792, 2169, 2696, 2938, 3090, 3566, 3828, 3969, 4561, 4818, 4947, 5704, 5956, 6092, 6979, 7363, 7664, 8918, 9481, 9770, 11248, 11716, 11923, 13606, 14125, 14438, 16664, 17295, 17623, 19962, 20607, 20914, 23925, 24859, 25255, 28991, 30225, 30909, 35784, 37466, 38263, 44007, 45750, 46528, 53446, 55784, 56842, 65929, 68780, 70061, 80538, 83803, 85323, 97534, 100789, 101987, 114565, 117909, 119243, 134821, 138780, 140293, 157557, 161346, 162757, 182234, 186117, 187496, 187949, 188090, 188135, 188157, 188160, 188164, 188164, 188164]
numberInfectedVerticesEachTime = [1, 19, 108, 787, 2169, 3090, 3969, 4947, 6092, 7664, 9770, 11923, 14438, 17623, 20914, 25255, 30909, 38263, 46528, 56842, 70061, 85323, 101987, 119243, 140293, 162757, 187496, 188135, 188164]
@Params InitialVertex = 1 InfectionProbability = 0.5 TotalSteps = 29 StepsEachTime = 3
numberInfectedVerticesEachInstant = [1, 3, 8, 18, 26, 52, 91, 191, 335, 562, 969, 1445, 1827, 2339, 2664, 2906, 3389, 3660, 3860, 4402, 4720, 4866, 5537, 5854, 6014, 6837, 7228, 7546, 8679, 9243, 9601, 10896, 11473, 11812, 13321, 13944, 14263, 16277, 17070, 17441, 19499, 20358, 20745, 23468, 24551, 25039, 28376, 29791, 30559, 34979, 36917, 37837, 43123, 45122, 46084, 52431, 55061, 56401, 64758, 67893, 69499, 79147, 82807, 84663, 95941, 99793, 101417, 112965, 116788, 118553, 132871, 137592, 139559, 155513, 160210, 162101, 180070, 184990, 186923, 187620, 187919, 188053, 188115, 188143, 188158, 188163, 188164]
numberInfectedVerticesEachTime = [1, 18, 91, 562, 1827, 2906, 3860, 4866, 6014, 7546, 9601, 11812, 14263, 17441, 20745, 25039, 30559, 37837, 46084, 56401, 69499, 84663, 101417, 118553, 139559, 162101, 186923, 188053, 188158]
@Params InitialVertex = 4 InfectionProbability = 1 TotalSteps = 29 StepsEachTime = 3
numberInfectedVerticesEachInstant = [1, 1, 1, 1, 1, 1, 1, 1, 1, 1, 1, 1, 1, 1, 1, 1, 1, 1, 1, 1, 1, 1, 1, 1, 1, 1, 1, 1, 1, 1, 1, 1, 1, 1, 1, 1, 1, 1, 1, 1, 7, 16, 18, 19, 19, 19, 25, 28, 43, 109, 384, 2004, 8585, 21320, 33075, 46544, 52547, 55415, 65678, 68799, 70122, 81154, 84209, 85588, 98283, 101169, 102151, 115298, 118282, 119452, 135698, 139182, 140536, 158435, 161776, 163033, 183225, 186571, 187724, 188025, 188112, 188146, 188163, 188164, 188164, 188164, 188164]
numberInfectedVerticesEachTime = [1, 1, 1, 1, 1, 1, 1, 1, 1, 1, 1, 1, 1, 1, 18, 19, 43, 2004, 33075, 55415, 70122, 85588, 102151, 119452, 140536, 163033, 187724, 188146, 188164]
@Params InitialVertex = 1 InfectionProbability = 0.3 TotalSteps = 29 StepsEachTime = 3
numberInfectedVerticesEachInstant = [1, 3, 9, 16, 29, 44, 63, 125, 211, 367, 644, 1034, 1408, 1865, 2231, 2467, 2890, 3235, 3476, 3997, 4346, 4585, 5180, 5557, 5796, 6478, 6908, 7170, 8049, 8629, 9057, 10128, 10850, 11330, 12590, 13360, 13859, 15532, 16396, 16922, 18648, 19603, 20181, 22402, 23701, 24394, 27207, 28800, 29711, 33392, 35492, 36726, 41138, 43542, 44985, 50185, 53107, 54832, 61720, 65475, 67619, 75851, 80145, 82680, 92233, 96930, 99464, 109504, 114347, 116758, 128853, 134549, 137523, 150980, 156976, 159927, 175308, 181625, 184666, 186262, 187130, 187561, 187806, 187941, 188048, 188103, 188133]
numberInfectedVerticesEachTime = [1, 16, 63, 367, 1408, 2467, 3476, 4585, 5796, 7170, 9057, 11330, 13859, 16922, 20181, 24394, 29711, 36726, 44985, 54832, 67619, 82680, 99464, 116758, 137523, 159927, 184666, 187561, 188048]
@Params InitialVertex = 4 InfectionProbability = 1 TotalSteps = 29 StepsEachTime = 3
numberInfectedVerticesEachInstant = [1, 1, 1, 1, 1, 1, 1, 1, 1, 1, 1, 1, 1, 1, 1, 1, 1, 1, 1, 1, 1, 1, 1, 1, 1, 1, 1, 1, 1, 1, 1, 1, 1, 1, 1, 1, 1, 1, 1, 1, 7, 16, 18, 19, 19, 19, 25, 28, 43, 109, 384, 2004, 8585, 21320, 33075, 46544, 52547, 55415, 65678, 68799, 70122, 81154, 84209, 85588, 98283, 101169, 102151, 115298, 118282, 119452, 135698, 139182, 140536, 158435, 161776, 163033, 183225, 186571, 187724, 188025, 188112, 188146, 188163, 188164, 188164, 188164, 188164]
numberInfectedVerticesEachTime = [1, 1, 1, 1, 1, 1, 1, 1, 1, 1, 1, 1, 1, 1, 18, 19, 43, 2004, 33075, 55415, 70122, 85588, 102151, 119452, 140536, 163033, 187724, 188146, 188164]
@Params InitialVertex = 56369 InfectionProbability = 1 TotalSteps = 25 StepsEachTime = 3
numberInfectedVerticesEachInstant = [1, 15, 79, 172, 383, 645, 902, 1261, 1487, 1634, 2036, 2298, 2461, 2867, 3054, 3185, 3662, 3893, 4014, 4628, 4862, 4977, 5761, 6002, 6128, 7075, 7426, 7721, 9026, 9549, 9830, 11356, 11781, 11962, 13724, 14208, 14493, 16801, 17373, 17677, 20103, 20694, 20963, 24165, 24990, 25319, 29276, 30418, 31016, 36152, 37635, 38373, 44376, 45954, 46674, 53902, 56079, 57058, 66511, 69155, 70281, 81239, 84247, 85595, 98283, 101169, 102151, 115298, 118282, 119452, 135698, 139182, 140536, 158435, 161776]
numberInfectedVerticesEachTime = [1, 172, 902, 1634, 2461, 3185, 4014, 4977, 6128, 7721, 9830, 11962, 14493, 17677, 20963, 25319, 31016, 38373, 46674, 57058, 70281, 85595, 102151, 119452, 140536]
@Params InitialVertex = 56369 InfectionProbability = 1 TotalSteps = 7 StepsEachTime = 20
numberInfectedVerticesEachInstant = [1, 15, 79, 172, 335, 530, 709, 836, 916, 950, 976, 992, 1010, 1019, 1023, 1031, 1035, 1038, 1039, 1039, 1039, 1172, 1248, 1304, 1335, 1372, 1397, 1416, 1427, 1431, 1431, 1431, 1431, 1431, 1431, 1431, 1431, 1431, 1431, 1431, 1431, 1652, 1742, 1797, 1825, 1842, 1844, 1844, 1844, 1844, 1844, 1844, 1844, 1844, 1844, 1844, 1844, 1844, 1844, 1844, 1844, 2162, 2334, 2473, 2545, 2565, 2592, 2612, 2621, 2621, 2621, 2621, 2621, 2621, 2621, 2621, 2621, 2621, 2621, 2621, 2621, 2964, 3117, 3216, 3278, 3314, 3335, 3343, 3349, 3353, 3353, 3353, 3353, 3353, 3353, 3353, 3353, 3353, 3353, 3353, 3353, 3763, 3938, 4037, 4096, 4143, 4162, 4182, 4191, 4200, 4205, 4206, 4206, 4206, 4206, 4206, 4206, 4206, 4206, 4206, 4206, 4765, 4930, 5019, 5060, 5074, 5074, 5074, 5074, 5074, 5074, 5074, 5074, 5074, 5074, 5074, 5074, 5074, 5074, 5074]
numberInfectedVerticesEachTime = [1, 1039, 1431, 1844, 2621, 3353, 4206]
@Params InitialVertex = 56369 InfectionProbability = 1 TotalSteps = 7 StepsEachTime = 20
numberInfectedVerticesEachInstant = [1, 15, 79, 172, 335, 530, 709, 836, 916, 950, 976, 992, 1010, 1019, 1023, 1031, 1035, 1038, 1039, 1039, 1039, 1172, 1248, 1304, 1335, 1372, 1397, 1416, 1427, 1431, 1431, 1431, 1431, 1431, 1431, 1431, 1431, 1431, 1431, 1431, 1431, 1652, 1742, 1797, 1825, 1842, 1844, 1844, 1844, 1844, 1844, 1844, 1844, 1844, 1844, 1844, 1844, 1844, 1844, 1844, 1844, 2162, 2334, 2473, 2545, 2565, 2592, 2612, 2621, 2621, 2621, 2621, 2621, 2621, 2621, 2621, 2621, 2621, 2621, 2621, 2621, 2964, 3117, 3216, 3278, 3314, 3335, 3343, 3349, 3353, 3353, 3353, 3353, 3353, 3353, 3353, 3353, 3353, 3353, 3353, 3353, 3763, 3938, 4037, 4096, 4143, 4162, 4182, 4191, 4200, 4205, 4206, 4206, 4206, 4206, 4206, 4206, 4206, 4206, 4206, 4206, 4765, 4930, 5019, 5060, 5074, 5074, 5074, 5074, 5074, 5074, 5074, 5074, 5074, 5074, 5074, 5074, 5074, 5074, 5074]
numberInfectedVerticesEachTime = [1, 1039, 1431, 1844, 2621, 3353, 4206]
@Params InitialVertex = 56369 InfectionProbability = 1 TotalSteps = 27 StepsEachTime = 25
numberInfectedVerticesEachInstant = [1, 15, 79, 172, 335, 530, 709, 836, 916, 950, 976, 992, 1010, 1019, 1023, 1031, 1035, 1038, 1039, 1039, 1039, 1039, 1039, 1039, 1039, 1039, 1172, 1248, 1304, 1335, 1372, 1397, 1416, 1427, 1431, 1431, 1431, 1431, 1431, 1431, 1431, 1431, 1431, 1431, 1431, 1431, 1431, 1431, 1431, 1431, 1431, 1652, 1742, 1797, 1825, 1842, 1844, 1844, 1844, 1844, 1844, 1844, 1844, 1844, 1844, 1844, 1844, 1844, 1844, 1844, 1844, 1844, 1844, 1844, 1844, 1844, 2162, 2334, 2473, 2545, 2565, 2592, 2612, 2621, 2621, 2621, 2621, 2621, 2621, 2621, 2621, 2621, 2621, 2621, 2621, 2621, 2621, 2621, 2621, 2621, 2621, 2964, 3117, 3216, 3278, 3314, 3335, 3343, 3349, 3353, 3353, 3353, 3353, 3353, 3353, 3353, 3353, 3353, 3353, 3353, 3353, 3353, 3353, 3353, 3353, 3353, 3763, 3938, 4037, 4096, 4143, 4162, 4182, 4191, 4200, 4205, 4206, 4206, 4206, 4206, 4206, 4206, 4206, 4206, 4206, 4206, 4206, 4206, 4206, 4206, 4206, 4765, 4930, 5019, 5060, 5074, 5074, 5074, 5074, 5074, 5074, 5074, 5074, 5074, 5074, 5074, 5074, 5074, 5074, 5074, 5074, 5074, 5074, 5074, 5074, 5074, 5808, 6028, 6137, 6203, 6230, 6245, 6260, 6261, 6261, 6261, 6261, 6261, 6261, 6261, 6261, 6261, 6261, 6261, 6261, 6261, 6261, 6261, 6261, 6261, 6261, 7153, 7474, 7739, 7912, 8041, 8119, 8171, 8187, 8190, 8192, 8192, 8192, 8192, 8192, 8192, 8192, 8192, 8192, 8192, 8192, 8192, 8192, 8192, 8192, 8192, 9379, 9748, 9945, 10057, 10083, 10090, 10093, 10093, 10093, 10093, 10093, 10093, 10093, 10093, 10093, 10093, 10093, 10093, 10093, 10093, 10093, 10093, 10093, 10093, 10093, 11459, 11837, 12002, 12066, 12084, 12088, 12088, 12088, 12088, 12088, 12088, 12088, 12088, 12088, 12088, 12088, 12088, 12088, 12088, 12088, 12088, 12088, 12088, 12088, 12088, 13788, 14242, 14511, 14629, 14666, 14701, 14721, 14724, 14725, 14725, 14725, 14725, 14725, 14725, 14725, 14725, 14725, 14725, 14725, 14725, 14725, 14725, 14725, 14725, 14725, 16924, 17437, 17703, 17792, 17826, 17847, 17866, 17868, 17868, 17868, 17868, 17868, 17868, 17868, 17868, 17868, 17868, 17868, 17868, 17868, 17868, 17868, 17868, 17868, 17868, 20196, 20744, 20989, 21085, 21140, 21157, 21173, 21178, 21184, 21186, 21186, 21186, 21186, 21186, 21186, 21186, 21186, 21186, 21186, 21186, 21186, 21186, 21186, 21186, 21186, 24277, 25041, 25358, 25457, 25516, 25543, 25548, 25553, 25554, 25554, 25554, 25554, 25554, 25554, 25554, 25554, 25554, 25554, 25554, 25554, 25554, 25554, 25554, 25554, 25554, 29408, 30478, 31030, 31257, 31381, 31412, 31419, 31422, 31422, 31422, 31422, 31422, 31422, 31422, 31422, 31422, 31422, 31422, 31422, 31422, 31422, 31422, 31422, 31422, 31422, 36339, 37693, 38391, 38682, 38789, 38836, 38864, 38875, 38882, 38888, 38890, 38890, 38890, 38890, 38890, 38890, 38890, 38890, 38890, 38890, 38890, 38890, 38890, 38890, 38890, 44607, 46048, 46704, 47007, 47142, 47186, 47205, 47211, 47211, 47211, 47211, 47211, 47211, 47211, 47211, 47211, 47211, 47211, 47211, 47211, 47211, 47211, 47211, 47211, 47211, 54156, 56167, 57087, 57473, 57612, 57666, 57688, 57695, 57695, 57695, 57695, 57695, 57695, 57695, 57695, 57695, 57695, 57695, 57695, 57695, 57695, 57695, 57695, 57695, 57695, 66793, 69256, 70317, 70728, 70931, 71005, 71043, 71053, 71056, 71057, 71057, 71057, 71057, 71057, 71057, 71057, 71057, 71057, 71057, 71057, 71057, 71057, 71057, 71057, 71057, 81606, 84378, 85658, 86117, 86311, 86359, 86368, 86378, 86385, 86387, 86388, 86388, 86388, 86388, 86388, 86388, 86388, 86388, 86388, 86388, 86388, 86388, 86388, 86388, 86388, 98610, 101278, 102184, 102512, 102633, 102661, 102665, 102665, 102665, 102665, 102665, 102665, 102665, 102665, 102665, 102665, 102665, 102665, 102665, 102665, 102665, 102665, 102665, 102665, 102665, 115498, 118335, 119465, 119842, 119977, 120031, 120042, 120045, 120049, 120050, 120050, 120050, 120050, 120050, 120050, 120050, 120050, 120050, 120050, 120050, 120050, 120050, 120050, 120050, 120050, 135949, 139259, 140557, 141040, 141169, 141206, 141219, 141222, 141224, 141224, 141224, 141224, 141224, 141224, 141224, 141224, 141224, 141224, 141224, 141224, 141224, 141224, 141224, 141224, 141224, 158669, 161888, 163092, 163440, 163530, 163552, 163554, 163554, 163554, 163554, 163554, 163554, 163554, 163554, 163554, 163554, 163554, 163554, 163554, 163554, 163554, 163554, 163554, 163554, 163554, 183391, 186602, 187729, 188031, 188116, 188146, 188163, 188164, 188164, 188164, 188164, 188164, 188164, 188164, 188164, 188164, 188164, 188164, 188164, 188164, 188164, 188164, 188164, 188164, 188164, 188164, 188164, 188164, 188164, 188164, 188164, 188164, 188164, 188164, 188164, 188164, 188164, 188164, 188164, 188164, 188164, 188164, 188164, 188164, 188164, 188164, 188164, 188164, 188164]
numberInfectedVerticesEachTime = [1, 1039, 1431, 1844, 2621, 3353, 4206, 5074, 6261, 8192, 10093, 12088, 14725, 17868, 21186, 25554, 31422, 38890, 47211, 57695, 71057, 86388, 102665, 120050, 141224, 163554, 188164]
@Params InitialVertex = [56369, 64322] InfectionProbability = 1 TotalSteps = 25 StepsEachTime = 3
numberInfectedVerticesEachInstant = [2, 27, 98, 204, 418, 694, 938, 1280, 1507, 1638, 2042, 2300, 2461, 2867, 3054, 3185, 3662, 3893, 4014, 4628, 4862, 4977, 5761, 6002, 6128, 7075, 7426, 7721, 9026, 9549, 9830, 11356, 11781, 11962, 13724, 14208, 14493, 16801, 17373, 17677, 20103, 20694, 20963, 24165, 24990, 25319, 29276, 30418, 31016, 36152, 37635, 38373, 44376, 45954, 46674, 53902, 56079, 57058, 66511, 69155, 70281, 81239, 84247, 85595, 98283, 101169, 102151, 115298, 118282, 119452, 135698, 139182, 140536, 158435, 161776]
numberInfectedVerticesEachTime = [2, 204, 938, 1638, 2461, 3185, 4014, 4977, 6128, 7721, 9830, 11962, 14493, 17677, 20963, 25319, 31016, 38373, 46674, 57058, 70281, 85595, 102151, 119452, 140536]
