0.0
0.0
25807.0
0.0
32878.0
0.0
24323.0
0.0
18787.0
0.0
12775.0
0.0
10653.0
0.0
7778.0
0.0
6452.0
0.0
5197.0
0.0
4312.0
0.0
3532.0
0.0
3258.0
0.0
2713.0
0.0
2584.0
0.0
2113.0
0.0
1980.0
0.0
1599.0
0.0
1506.0
0.0
1355.0
0.0
1230.0
0.0
1049.0
0.0
937.0
0.0
827.0
0.0
848.0
0.0
704.0
0.0
686.0
0.0
660.0
0.0
573.0
0.0
540.0
0.0
538.0
0.0
498.0
0.0
469.0
0.0
420.0
0.0
349.0
0.0
362.0
0.0
370.0
0.0
336.0
0.0
298.0
0.0
303.0
0.0
251.0
0.0
262.0
0.0
228.0
0.0
202.0
0.0
249.0
0.0
201.0
0.0
185.0
0.0
187.0
0.0
184.0
0.0
160.0
0.0
180.0
0.0
141.0
0.0
163.0
0.0
125.0
0.0
110.0
0.0
117.0
0.0
133.0
0.0
118.0
0.0
98.0
0.0
93.0
0.0
110.0
0.0
110.0
0.0
93.0
0.0
80.0
0.0
81.0
0.0
71.0
0.0
85.0
0.0
78.0
0.0
63.0
0.0
69.0
0.0
65.0
0.0
63.0
0.0
63.0
0.0
69.0
0.0
48.0
0.0
49.0
0.0
52.0
0.0
62.0
0.0
43.0
0.0
42.0
0.0
45.0
0.0
48.0
0.0
38.0
0.0
36.0
0.0
50.0
0.0
33.0
0.0
35.0
0.0
44.0
0.0
21.0
0.0
35.0
0.0
38.0
0.0
28.0
0.0
38.0
0.0
35.0
0.0
36.0
0.0
19.0
0.0
35.0
0.0
25.0
0.0
23.0
0.0
32.0
0.0
25.0
0.0
17.0
0.0
23.0
0.0
23.0
0.0
20.0
0.0
20.0
0.0
21.0
0.0
20.0
0.0
15.0
0.0
17.0
0.0
9.0
0.0
18.0
0.0
21.0
0.0
9.0
0.0
21.0
0.0
19.0
0.0
18.0
0.0
18.0
0.0
13.0
0.0
14.0
0.0
16.0
0.0
19.0
0.0
20.0
0.0
17.0
0.0
14.0
0.0
17.0
0.0
19.0
0.0
8.0
0.0
10.0
0.0
18.0
0.0
7.0
0.0
17.0
0.0
12.0
0.0
9.0
0.0
8.0
0.0
13.0
0.0
9.0
0.0
13.0
0.0
10.0
0.0
7.0
0.0
12.0
0.0
9.0
0.0
9.0
0.0
5.0
0.0
9.0
0.0
5.0
0.0
8.0
0.0
12.0
0.0
8.0
0.0
8.0
0.0
9.0
0.0
4.0
0.0
8.0
0.0
1.0
0.0
9.0
0.0
12.0
0.0
3.0
0.0
4.0
0.0
7.0
0.0
10.0
0.0
2.0
0.0
5.0
0.0
7.0
0.0
4.0
0.0
9.0
0.0
7.0
0.0
3.0
0.0
5.0
0.0
3.0
0.0
6.0
0.0
5.0
0.0
3.0
0.0
4.0
0.0
2.0
0.0
4.0
0.0
4.0
0.0
4.0
0.0
6.0
0.0
5.0
0.0
3.0
0.0
1.0
0.0
6.0
0.0
7.0
0.0
5.0
0.0
2.0
0.0
4.0
0.0
4.0
0.0
3.0
0.0
5.0
0.0
3.0
0.0
2.0
0.0
3.0
0.0
2.0
0.0
3.0
0.0
1.0
0.0
4.0
0.0
3.0
0.0
2.0
0.0
3.0
0.0
4.0
0.0
2.0
0.0
4.0
0.0
1.0
0.0
2.0
0.0
4.0
0.0
1.0
0.0
3.0
0.0
1.0
0.0
1.0
0.0
3.0
0.0
1.0
0.0
1.0
0.0
3.0
0.0
0.0
0.0
1.0
0.0
2.0
0.0
2.0
0.0
1.0
0.0
3.0
0.0
0.0
0.0
0.0
0.0
1.0
0.0
0.0
0.0
0.0
0.0
5.0
0.0
4.0
0.0
1.0
0.0
3.0
0.0
5.0
0.0
1.0
0.0
3.0
0.0
4.0
0.0
2.0
0.0
2.0
0.0
2.0
0.0
1.0
0.0
1.0
0.0
0.0
0.0
2.0
0.0
1.0
0.0
2.0
0.0
0.0
0.0
0.0
0.0
0.0
0.0
1.0
0.0
1.0
0.0
1.0
0.0
2.0
0.0
2.0
0.0
2.0
0.0
1.0
0.0
2.0
0.0
1.0
0.0
1.0
0.0
1.0
0.0
0.0
0.0
0.0
0.0
0.0
0.0
5.0
0.0
1.0
0.0
0.0
0.0
1.0
0.0
2.0
0.0
0.0
0.0
2.0
0.0
0.0
0.0
0.0
0.0
1.0
0.0
1.0
0.0
2.0
0.0
0.0
0.0
0.0
0.0
0.0
0.0
0.0
0.0
0.0
0.0
0.0
0.0
0.0
0.0
0.0
0.0
0.0
0.0
0.0
0.0
1.0
0.0
1.0
0.0
0.0
0.0
0.0
0.0
0.0
0.0
2.0
0.0
0.0
0.0
1.0
0.0
1.0
0.0
0.0
0.0
1.0
0.0
1.0
0.0
0.0
0.0
1.0
0.0
0.0
0.0
1.0
0.0
0.0
0.0
0.0
0.0
0.0
0.0
0.0
0.0
0.0
0.0
0.0
0.0
1.0
0.0
1.0
0.0
0.0
0.0
0.0
0.0
0.0
0.0
0.0
0.0
3.0
0.0
2.0
0.0
1.0
0.0
0.0
0.0
0.0
0.0
0.0
0.0
1.0
0.0
0.0
0.0
1.0
0.0
0.0
0.0
0.0
0.0
0.0
0.0
0.0
0.0
2.0
0.0
1.0
0.0
1.0
0.0
0.0
0.0
0.0
0.0
1.0
0.0
0.0
0.0
2.0
0.0
0.0
0.0
0.0
0.0
1.0
0.0
0.0
0.0
1.0
0.0
0.0
0.0
0.0
0.0
0.0
0.0
0.0
0.0
0.0
0.0
0.0
0.0
0.0
0.0
0.0
0.0
0.0
0.0
0.0
0.0
0.0
0.0
0.0
0.0
0.0
0.0
0.0
0.0
0.0
0.0
0.0
0.0
1.0
0.0
0.0
0.0
0.0
0.0
0.0
0.0
0.0
0.0
0.0
0.0
1.0
0.0
0.0
0.0
0.0
0.0
1.0
0.0
0.0
0.0
0.0
0.0
0.0
0.0
0.0
0.0
0.0
0.0
1.0
0.0
0.0
0.0
0.0
0.0
0.0
0.0
0.0
0.0
1.0
0.0
0.0
0.0
0.0
0.0
0.0
0.0
1.0
0.0
0.0
0.0
0.0
0.0
0.0
0.0
0.0
0.0
0.0
0.0
0.0
0.0
0.0
0.0
0.0
0.0
0.0
0.0
0.0
0.0
1.0
0.0
0.0
0.0
0.0
0.0
0.0
0.0
0.0
0.0
1.0
0.0
0.0
0.0
0.0
0.0
0.0
0.0
0.0
0.0
0.0
0.0
0.0
0.0
0.0
0.0
0.0
0.0
0.0
0.0
1.0
0.0
0.0
0.0
2.0
0.0
1.0
0.0
0.0
0.0
0.0
0.0
0.0
0.0
0.0
0.0
0.0
0.0
0.0
0.0
0.0
0.0
0.0
0.0
0.0
0.0
0.0
0.0
0.0
0.0
0.0
0.0
0.0
0.0
0.0
0.0
0.0
0.0
0.0
0.0
0.0
0.0
0.0
0.0
0.0
0.0
0.0
0.0
1.0
0.0
1.0
0.0
0.0
0.0
0.0
0.0
0.0
0.0
0.0
0.0
0.0
0.0
0.0
0.0
0.0
0.0
0.0
0.0
1.0
0.0
0.0
0.0
0.0
0.0
0.0
0.0
0.0
0.0
0.0
0.0
0.0
0.0
0.0
0.0
0.0
0.0
0.0
0.0
0.0
0.0
0.0
0.0
0.0
0.0
0.0
0.0
1.0
0.0
0.0
0.0
0.0
0.0
0.0
0.0
0.0
0.0
0.0
0.0
0.0
0.0
0.0
0.0
0.0
0.0
0.0
0.0
0.0
0.0
0.0
0.0
0.0
0.0
0.0
0.0
0.0
0.0
0.0
0.0
0.0
0.0
0.0
0.0
0.0
0.0
0.0
0.0
0.0
0.0
0.0
0.0
0.0
0.0
0.0
0.0
0.0
0.0
0.0
0.0
0.0
0.0
0.0
0.0
0.0
0.0
0.0
0.0
0.0
0.0
0.0
0.0
0.0
0.0
0.0
0.0
0.0
0.0
0.0
0.0
0.0
0.0
0.0
0.0
0.0
0.0
0.0
0.0
0.0
0.0
0.0
0.0
0.0
0.0
0.0
0.0
0.0
0.0
0.0
0.0
0.0
0.0
0.0
0.0
0.0
0.0
0.0
0.0
0.0
0.0
0.0
0.0
0.0
0.0
1.0
0.0
0.0
0.0
0.0
0.0
0.0
0.0
0.0
0.0
0.0
0.0
0.0
0.0
0.0
0.0
0.0
0.0
0.0
0.0
0.0
0.0
0.0
0.0
0.0
0.0
0.0
0.0
0.0
0.0
0.0
0.0
0.0
0.0
0.0
0.0
0.0
0.0
0.0
0.0
0.0
0.0
0.0
0.0
0.0
0.0
0.0
0.0
0.0
0.0
0.0
0.0
0.0
0.0
0.0
0.0
0.0
0.0
0.0
0.0
0.0
0.0
0.0
0.0
0.0
0.0
0.0
0.0
0.0
0.0
0.0
0.0
0.0
0.0
0.0
0.0
0.0
0.0
0.0
0.0
0.0
0.0
0.0
0.0
0.0
0.0
0.0
0.0
0.0
0.0
0.0
0.0
0.0
0.0
0.0
0.0
0.0
0.0
0.0
0.0
0.0
0.0
0.0
0.0
0.0
0.0
0.0
0.0
0.0
0.0
0.0
0.0
0.0
0.0
0.0
0.0
0.0
0.0
0.0
0.0
0.0
0.0
0.0
0.0
0.0
0.0
0.0
0.0
0.0
0.0
0.0
0.0
0.0
0.0
0.0
0.0
0.0
0.0
0.0
0.0
0.0
0.0
0.0
0.0
0.0
0.0
0.0
0.0
0.0
0.0
0.0
0.0
0.0
0.0
0.0
0.0
0.0
0.0
0.0
0.0
0.0
0.0
0.0
0.0
0.0
0.0
0.0
0.0
0.0
0.0
0.0
0.0
0.0
0.0
0.0
0.0
0.0
0.0
0.0
0.0
0.0
0.0
0.0
0.0
0.0
0.0
0.0
0.0
0.0
0.0
0.0
0.0
0.0
0.0
0.0
0.0
0.0
0.0
0.0
0.0
0.0
0.0
0.0
0.0
0.0
0.0
0.0
0.0
0.0
0.0
0.0
0.0
0.0
0.0
0.0
0.0
0.0
0.0
0.0
0.0
0.0
0.0
0.0
0.0
0.0
0.0
0.0
0.0
0.0
0.0
0.0
0.0
0.0
0.0
0.0
0.0
0.0
0.0
0.0
0.0
0.0
0.0
0.0
0.0
0.0
0.0
0.0
0.0
0.0
0.0
0.0
0.0
0.0
0.0
0.0
0.0
0.0
0.0
0.0
0.0
0.0
0.0
0.0
0.0
0.0
0.0
0.0
0.0
0.0
0.0
0.0
0.0
0.0
0.0
0.0
0.0
0.0
0.0
0.0
0.0
0.0
0.0
0.0
0.0
0.0
0.0
0.0
0.0
0.0
0.0
0.0
0.0
0.0
0.0
0.0
0.0
0.0
0.0
0.0
0.0
0.0
0.0
0.0
0.0
0.0
0.0
0.0
0.0
0.0
0.0
0.0
0.0
0.0
0.0
0.0
0.0
0.0
0.0
0.0
0.0
0.0
0.0
0.0
0.0
0.0
0.0
0.0
0.0
0.0
0.0
1.0
