[742   1   1 ...,   1   1   1]
[1139    1    1 ...,    1    1    1]
[1552    1    1 ...,    1    1    1]
[2395    1    1 ...,    1    1    1]
[3136    1    1 ...,    1    1    1]
[4045    1    1 ...,    1    1    1]
[4951    1    1 ...,    1    1    1]
[6217    1    1 ...,    1    1    1]
[8167    1    1 ...,    1    1    1]
[10075     1     1 ...,     1     1     1]
[12077     1     1 ...,     1     1     1]
[14710     1     1 ...,     1     1     1]
[17860     1     1 ...,     1     1     1]
[21178     1     1 ...,     1     1     1]
[25551     1     1 ...,     1     1     1]
[31420     1     1 ...,     1     1     1]
[38888     1     1 ...,     1     1     1]
[47209     1     1 ...,     1     1     1]
[57693     4     1 ...,     1     1     1]
[71056     4     1 ...,     1     1     1]
[86387     5     1 ...,     1     1     1]
[102664      5      1 ...,      1      1      1]
[120049      1      1 ...,      1      1      1]
[141223      1      3 ...,      1      1      1]
[163553      1      1 ...,      1      1      1]
[188163]
