[indices,degrees]
[[33040, 56369, 60021, 61376, 62391, 64322, 139400, 139898, 206104, 507755], [66, 88, 64, 86, 80, 126, 56, 52, 60, 56]]
[[14661, 33040, 56369, 60021, 61376, 62391, 62612, 64322, 139400, 206104], [62, 70, 92, 64, 98, 94, 62, 162, 64, 64]]
[[190, 226, 14661, 33040, 56369, 60021, 61376, 62391, 64322, 206104, 290956], [74, 94, 76, 82, 96, 80, 112, 110, 186, 74, 86]]
[[226, 14661, 33040, 33152, 56369, 60021, 61376, 62391, 64322, 290956], [94, 92, 86, 82, 100, 90, 128, 128, 216, 86]]
[[226, 14661, 33040, 33152, 56369, 60021, 61376, 62391, 64322, 68232], [94, 126, 94, 94, 104, 94, 134, 136, 230, 94]]
[[186, 190, 226, 236, 14661, 33152, 61376, 62391, 64322, 290956], [114, 118, 136, 112, 156, 116, 140, 160, 266, 128]]
[[226, 14661, 33152, 47545, 52880, 61376, 61500, 62391, 64322, 290956], [136, 200, 144, 138, 126, 140, 126, 160, 282, 132]]
[[186, 190, 226, 236, 14661, 61500, 62391, 64322, 290956, 290959], [196, 194, 222, 208, 248, 166, 166, 318, 216, 172]]
[[183, 186, 190, 226, 236, 14661, 52880, 61500, 64322, 290956], [190, 202, 200, 234, 212, 294, 190, 214, 332, 216]]
[[183, 186, 190, 226, 236, 14661, 47545, 52880, 61500, 64322, 77731, 290956], [220, 202, 200, 234, 216, 328, 200, 206, 232, 358, 200, 216]]
[[183, 226, 236, 14661, 47545, 52880, 61500, 64322, 77731, 290956], [228, 234, 236, 362, 212, 212, 274, 386, 218, 216]]
[[183, 226, 236, 14661, 33152, 47545, 52880, 61500, 64322, 77731], [244, 234, 250, 378, 224, 228, 220, 292, 386, 232]]
[[183, 226, 236, 14660, 14661, 33152, 47545, 61500, 64322, 77731], [258, 234, 252, 238, 418, 278, 232, 300, 418, 240]]
[[183, 226, 236, 14660, 14661, 33152, 47545, 61500, 64322, 77731], [262, 236, 252, 252, 420, 294, 232, 318, 434, 250]]
[[183, 236, 14660, 14661, 33152, 44832, 61500, 64322, 67903, 77731, 96203], [262, 256, 266, 430, 328, 256, 344, 440, 270, 282, 260]]
[[183, 14661, 33152, 34765, 61500, 64322, 67847, 67903, 69044, 77731], [294, 436, 358, 294, 360, 470, 298, 320, 294, 310]]
[[183, 14661, 33152, 34765, 61500, 64322, 67847, 67903, 69044, 77731], [364, 474, 390, 330, 366, 488, 394, 340, 358, 356]]
[[183, 14661, 33152, 61500, 64322, 67847, 67903, 68595, 69044, 77731], [388, 486, 416, 390, 496, 480, 390, 372, 414, 400]]
[[14661, 33152, 34765, 61191, 64322, 67847, 67903, 68595, 69044, 77731], [500, 474, 404, 442, 498, 542, 416, 416, 450, 416]]
[[14661, 33152, 34765, 44736, 61191, 64322, 67847, 67903, 68595, 69044], [528, 492, 446, 440, 532, 504, 668, 462, 460, 526]]
[[14661, 33152, 44736, 54144, 61191, 64322, 67847, 67903, 68595, 69044], [578, 530, 476, 512, 682, 536, 748, 504, 498, 564]]
[[14661, 27237, 33152, 54144, 61191, 64322, 67847, 67903, 69044, 310069], [610, 530, 572, 574, 756, 586, 824, 534, 618, 528]]
[[14661, 27237, 33152, 54144, 61191, 64322, 67847, 67903, 69044, 310069], [658, 582, 588, 632, 976, 636, 868, 572, 654, 674]]
[[14661, 27237, 33152, 53478, 54144, 61191, 64322, 67847, 67903, 69044, 310069], [686, 632, 598, 624, 690, 1092, 682, 924, 598, 732, 764]]
[[14661, 27237, 53478, 54144, 61186, 61191, 64322, 67847, 69044, 310069], [740, 706, 814, 772, 686, 1208, 790, 962, 788, 812]]
[[27237, 53478, 54144, 61186, 61191, 64322, 67847, 69044, 122799, 310069], [804, 868, 848, 800, 1332, 806, 1002, 896, 804, 850]]
