[ 52  56  56  60  64  66  80  86  88 126]
[ 62  62  64  64  64  70  92  94  98 162]
[ 74  76  80  82  86  94  96 110 112 186]
[ 82  86  86  90  92  94 100 128 128 216]
[ 94  94  94  94  94 104 126 134 136 230]
[112 114 116 118 128 136 140 156 160 266]
[126 126 132 136 138 140 144 160 200 282]
[166 166 172 194 196 208 216 222 248 318]
[190 190 200 202 212 214 216 234 294 332]
[200 202 206 216 216 220 232 234 328 358]
[212 212 216 218 228 234 236 274 362 386]
[220 224 228 232 234 244 250 292 378 386]
[232 234 238 240 252 258 278 300 418 418]
[232 236 250 252 252 262 294 318 420 434]
[256 260 262 266 270 282 328 344 430 440]
[294 294 294 298 310 320 358 360 436 470]
[330 340 356 358 364 366 390 394 474 488]
[372 388 390 390 400 414 416 480 486 496]
[404 416 416 416 442 450 474 498 500 542]
[440 446 460 462 492 504 526 528 532 668]
[476 498 504 512 530 536 564 578 682 748]
[528 530 534 572 574 586 610 618 756 824]
[572 582 588 632 636 654 658 674 868 976]
[ 598  624  632  682  686  690  732  764  924 1092]
[ 686  706  740  772  788  790  812  814  962 1208]
[ 800  804  804  806  848  850  868  896 1002 1332]
