0.00484133831847
0.541638705142
0.196593487361
0.0890294954143
0.0504266129805
0.0324673249609
0.0216022752692
0.0159939922666
0.0111846099767
0.00822867733998
0.00541654683156
0.00496916243249
0.00329147093599
0.00252452625188
0.00215703192407
0.00209311986706
0.0016776914965
0.00140606525421
0.000990636883648
0.000750966669862
0.000431406384814
0.000463362413319
0.000415428370562
0.000223692199533
0.000239670213786
0.000223692199533
0.000175758156776
6.39120570096e-05
7.98900712619e-05
9.58680855143e-05
4.79340427572e-05
6.39120570096e-05
0.0
1.59780142524e-05
6.39120570096e-05
1.59780142524e-05
1.59780142524e-05
0.0
0.0
0.0
0.0
0.0
4.79340427572e-05
0.0
0.0
1.59780142524e-05
0.0
0.0
0.0
0.0
0.0
0.0
0.0
0.0
0.0
0.0
0.0
0.0
0.0
0.0
0.0
0.0
0.0
0.0
0.0
0.0
0.0
0.0
1.59780142524e-05
