0.00235104742256
0.00148990098599
0.0867830181051
0.0785276693257
0.0469704703629
0.028287199187
0.000508710197314
0.00478446832688
0.00135562916833
0.00291581404661
0.000149958472103
0.00460025684326
0.00152262116656
0.00138839134099
0.0267541551284
0.00988744901906
0.000743058483738
0.000509632588975
0.000887677146423
0.000158120276174
0.00113774835645
0.00123278572536
0.000261825766871
0.00114376432525
0.00119310310736
0.00143921962937
0.000229154937228
0.00123711821314
0.00092585030719
0.0
0.000879032142403
0.00344384154671
0.000299490785733
0.00256373242153
0.00124622972601
0.00284536808285
0.00994767338709
0.00110864970526
0.00300356339426
0.00122018444785
0.000500557071302
0.00371531995999
0.000405429975028
0.000394802135799
0.000293366646824
0.000825653618115
0.000292945214786
0.00229934785812
0.00262117645913
0.000556900448467
0.000758517648268
0.000388855725567
0.0014911221008
0.000266188727309
0.000735249040004
0.00282574128139
0.00886578806878
0.000313995165627
0.000672877666332
0.00176264285393
0.00102649221415
0.00160925671626
0.00148608838012
0.000365919277992
0.00194994199513
0.000129055934452
0.000180914399343
0.00163431309276
0.000617456732772
0.000362430564583
0.000441413414207
0.0121181164904
0.00884974577181
0.0021727470711
0.000474191006443
0.00527781051643
0.000666558745955
0.0021689829932
0.00455950847865
0.00230120333625
0.00260760616566
0.00110615543622
0.00684346843648
0.000182265263571
0.000121532363751
0.00537643636278
0.000504864567332
0.00396072718726
0.0011620099985
0.000579659335326
0.00239985686654
0.00080795718168
0.00101849913295
0.00463791729939
0.00480017120318
0.00834269797447
0.000765604437938
0.00404591430289
0.0189002901129
0.00114087594665
0.00234502351401
0.0313283907836
0.000164037547199
0.001122497338
0.0
0.000262051225898
0.00252214119024
0.0232251292517
0.000259506588307
0.000257087395217
0.000260899062773
0.000651856107799
0.00118404424999
0.00298521441377
0.000999748282058
0.00029398984319
0.0
0.00298871519939
0.00127478735808
6.18620444595e-05
0.000358018031283
0.000300993182796
0.000158783698759
0.000240836452084
0.000706292785228
0.000307953232854
0.000531000020336
0.000679551896957
0.00826473632181
0.00054943027615
0.000335293573294
0.000141733049234
0.00149097307305
0.000727729659502
0.00133019529967
0.000380371190323
0.000149357567296
0.00468437126149
0.000388237806377
0.0221834992571
0.0328288377539
0.00921850818412
0.000216522075911
0.00244023289764
0.00193530986455
0.000809900520884
3.21214866517e-05
0.0003746611232
0.000316106856391
0.000321801598518
0.000685032841699
0.000101652305856
0.000454564829867
0.000441253010299
0.00147621533598
0.000633602881017
0.00309786556404
0.000112042459475
0.00129642708127
0.00202052539158
0.00264436001014
0.00114242422237
0.00210425328193
0.00122739357387
0.00115599509803
0.0003644957746
0.000297810508553
0.00107761282975
0.0130468425651
0.00346594871211
0.0010359230873
0.000267258828472
0.000344513345346
0.000164848247216
0.00010603801357
0.00104418675857
0.00108304640226
0.00916092205091
0.000231674775554
0.00372915041971
5.02256905563e-05
0.000318348816002
0.00509416170161
0.00173127191712
0.00222511047255
0.00237649949153
0.00708909448982
0.0126675406182
0.0294457168732
0.00019388952122
0.00616130482171
0.000142661526483
0.00129965784882
0.0011821269558
0.00415421274783
0.00179033279408
0.004356048552
0.00113506249995
0.00589146812251
0.00291478105247
0.00129419377423
0.00399957581396
0.00178311220589
0.0075593696703
0.0010988536476
0.00316267817168
0.00272171223792
0.00244297801874
0.000724384210558
0.00111354670173
0.000942290565084
0.00501815067614
0.00305133738588
0.00361476012496
0.00413828700252
0.00263769631891
0.0205308172435
0.00287905537244
0.00043423210399
0.00166720240589
0.0319550331442
0.000959183638252
0.00193350245575
0.00385671883897
0.00490675651658
0.0408652852173
0.00264443313268
0.0140051528327
0.000980576037242
0.00180756594545
0.00322407126638
0.0034635383277
0.000461262349364
0.00130107465659
0.00292494461498
0.00115067302965
0.00808664753007
0.0022776245597
0.00169940186822
0.000786228497453
0.00066023001188
0.00490448712659
0.00813010386377
0.00171029887169
0.00893319161961
0.00785061509181
0.013456186697
0.0811592041542
0.00219408732603
0.00126441857997
0.00467306587887
0.0024183672131
0.00509406214739
0.00351158059945
0.00344024992794
0.0122164134096
0.00447881363457
0.0035776609694
0.00132813605375
0.00124032335831
0.0409402850573
0.00508906170781
0.00156692295862
0.00357027154596
0.00762986547552
0.000373411010292
0.00534934000909
0.00120702169001
0.00653984235165
0.00119056948015
0.00754706540322
0.00723227772612
0.00191307800988
0.00666532033862
0.00468288107473
0.00342156619
0.000584017556669
0.00240918674805
0.0179464326066
0.00274068117712
0.00134761258403
0.00510790032665
0.00165919867529
0.000624333387495
0.0009299198873
0.00594302500846
0.0950209650978
0.00756535227975
0.00346900006285
0.00127674078904
0.00152679200166
0.00287890650076
0.00614410078632
0.00387874826062
0.00583061691896
0.00233060715408
0.00509193218447
0.00796992637362
0.0178194599452
0.00265323965965
0.00391341583324
0.000316152656119
0.00290167045329
0.00136963976485
0.0282576167796
0.00217419619305
0.00216637279354
0.0087586430276
0.00260173599516
0.00715119392461
0.0038274288941
0.00614995188339
0.00566611321473
0.0096803322959
0.0117456767874
0.0151055238855
0.00450791996511
0.00537375481688
0.0040882820055
0.00545576219447
0.0491048389435
0.00309729084112
0.0541432522972
0.00047601014053
0.0283406845291
0.039592680182
0.108969141565
0.0172679263632
0.0256747324923
0.00218431379224
0.0140300276541
0.0461437113426
0.0173102443729
0.0295253099784
0.0240521503247
0.0221060532899
0.0244652548221
1.94714387165e-05
0.00197897566576
0.0738782988614
0.0187884442073
0.0
0.00220182338236
0.0030012810829
0.000186222050592
0.00209680239335
0.00937507251776
0.00348788259631
0.0304984422114
0.0029232598906
0.00104312793173
0.00289870811377
0.00130059192944
0.000380906928649
0.00012552047952
0.00638510388379
0.00452643171294
0.00024532250827
0.00064395425123
0.000125694366433
0.000381585028364
0.000173292533217
0.000263074412697
0.00192912551145
0.00222341679987
0.000142921815464
0.000255196915592
0.000415301340162
0.00101579078118
0.000350196998085
0.000279556006228
0.000624922818951
0.0017148964356
0.000502964070325
0.00125271387506
0.00121480825785
0.00799824464541
0.000208731400812
0.00152829828523
0.00250147926064
0.000434443629371
0.00231401303142
0.000526222597544
0.0005161394352
0.00080542973145
0.00101028646353
0.000322338855637
0.0111165439664
0.00207550747497
0.000482583747947
0.0
0.000112981854639
0.00314693636755
0.00429216860574
0.00039458391194
0.00208250108135
0.0188849063693
0.00892396766966
0.0133752626179
0.0078698770344
0.00537310323106
0.0158500720462
0.007792575013
0.017082090047
0.000375116674576
0.0013662234298
0.000621464707518
0.00133476830914
0.0
0.0981804630032
0.0397108545893
0.00626111961168
0.0453196209792
0.00542725380924
0.00348548224589
0.0133270512851
0.00210584636612
0.000229250017894
0.0121266614614
0.0051381751417
0.000908204167555
0.039998912077
0.0018194017394
0.0336294320409
0.00489085888486
0.00342188208161
0.000303534977911
0.000853557494203
0.0011641882313
0.00480639899058
0.0108438500357
0.0029421149539
0.0749199424599
0.0106339258106
0.0121578985872
0.00125590756579
9.9720555216e-05
0.00195732241766
0.003148815309
0.0537013961368
0.00052959194357
0.00413716815388
0.000770570934352
0.00230581091008
0.000433686464995
0.000669671508513
0.00249504664391
0.0101998651806
0.00442389294212
0.0105244240382
0.0123265011308
0.000243013494919
0.000606229942286
0.00757658474761
0.0115720793707
0.00376430213477
0.000470550606031
0.00146464575702
0.000719644026488
0.0117671830128
0.0121050286228
0.00169792006296
0.00170063912962
0.00948417315384
0.00769052923596
0.00210446094626
0.00306995751187
0.0027252321424
0.00768499410237
0.00276385007778
0.0127378108324
0.0116000728987
0.0154259519031
0.00621925971765
0.00873216154911
0.00156320394322
0.00215693876922
0.011889907339
0.00996938518813
0.00233596464266
0.00437235121956
0.000669291672484
0.0046949681012
0.0153761833867
0.00833056650827
0.0139516822989
0.0106062400437
0.0179540613307
0.0233470491552
0.0145737641891
0.000641214438621
0.0103805378766
0.00820781475935
0.0125836090119
0.00362497332346
0.0419765808136
0.0105214132015
0.0242564785302
0.0109681152693
0.0105694720254
0.00184210210083
0.000968890237779
0.0124669127061
0.000132555986755
0.0126869008563
0.010103689989
0.00432231883268
0.0022871531894
0.0218880781019
0.0384519563655
0.0251905398804
0.0117265725485
0.0104785521992
0.00588751880153
0.0109134840777
0.0170653617842
0.00150185776031
0.0199913692197
0.00279957904998
0.0144602329518
0.00203066428314
0.0425291788943
0.00208278747232
0.00741130634746
0.00735485373585
0.00576779645045
0.00155932407722
0.00260688594525
0.00110100683637
0.0151063869939
0.00336246441412
0.017258689152
0.000921695204483
0.0234690367629
0.0141987708895
0.00406492477551
0.0192512498778
0.00754716493462
0.006182752672
0.0104371589601
0.00245635665095
0.00895798730921
0.0106588561074
0.0077567638496
0.0221889605047
0.00977151501159
0.0184731638011
0.00518428636472
0.0160731370544
0.0172724517412
0.00534366511456
0.00321240636002
0.0523762313099
0.016203968064
0.0032796103854
0.0156165184733
0.00358182491059
0.0152174482747
0.00690309188602
0.0102411071927
0.00595749732093
0.02975398788
0.00105368117344
0.0405725490447
0.0122129728336
0.0207099460408
0.02813762205
0.00420070624462
0.00741870668733
0.010749511628
0.0277557726916
0.00629178843715
0.00389886814267
0.00637385385156
0.00800154735965
0.00970830274794
0.00985834102521
0.0272947240938
0.000419552509385
0.0141483192405
0.00708500193287
0.00511159629906
0.00527879913108
0.00899228727866
0.00501656598753
0.0122439198979
0.0116651538883
0.017880764699
0.0213539562652
0.0295801014634
0.0057641534852
0.00893451098815
0.00658215861679
0.0074672163521
0.00919921087171
0.00760681853626
0.00361116456704
0.0173661634026
0.015126594794
0.00493931693961
0.00851326254514
0.00887799516684
0.00458628199209
0.00744357185348
0.00781550118616
0.0261623612269
0.00860086773322
0.0137216149604
0.00916984176752
0.0105099805039
0.0117927398233
0.0125433970092
0.00724083628895
0.00336674205783
0.0071728156319
0.00994564558383
0.0457982452398
0.00409801953073
0.0214935577113
0.011740240033
0.00807452376111
0.00628304136091
0.0181075699326
0.00328702043196
0.00367916276743
0.0156554854712
0.0904519138068
0.0140881411292
0.00996604864072
0.00937528366397
0.00420480157301
0.00497170854226
0.0062147236521
0.00362752483346
0.00707273802229
0.00244289097682
0.00387907985369
0.0312951093542
0.0314421839313
0.00607152636043
0.0149344495109
0.0372836812438
0.00498007096968
0.0509564676347
0.0544784955151
0.0132767298286
0.0126679538574
0.00537367977232
0.00752608741979
0.00513820512858
0.00404177703012
0.0123309990676
0.00239930964497
0.00485227432315
0.00474339205623
0.0484497900845
0.0403706790884
0.0385749865928
0.00827310718839
0.00899834436099
0.0402308895523
0.00576030788161
0.0315325956868
0.0149425473946
0.0305348044637
0.0089856613141
0.0948106673928
0.0108368263972
0.00571452969539
0.00847996007259
0.00662352297133
0.0134633266776
0.00733229040862
0.00835136744147
0.00252040128686
0.0297268638849
0.0401353804387
0.020047048406
0.0105388033569
0.0121674145935
0.0156968706062
0.0189306212939
0.0547410101674
0.00827296699108
0.0106547891878
0.0271907381523
0.0250122776358
0.00927337109193
0.00594113613503
0.0024693639894
0.0606532641519
0.0121731587112
0.00897560457804
0.0291285218052
0.0331205556646
0.0400647466667
0.0286908324624
0.0825600547238
0.029946204751
0.088020878889
0.0107452411295
0.00799534447424
0.0166578008395
0.00803169621022
0.0569583392786
0.01411107066
0.037567891736
0.0265074427684
0.0093933408303
0.0194067199808
0.0527342142474
0.0954930912604
0.0188758557256
0.028057470666
0.0640136752403
0.0255151514606
0.0652045337398
0.0177365415627
0.0135871405381
0.0146722268156
0.0318223340375
0.021849450274
0.00598318848396
0.04289649792
0.0491796383351
0.019052074918
0.0233805181062
0.0190083070333
0.0439373236052
0.00899225331827
0.0209101097252
0.0290445815225
0.0192992124659
0.0324527226541
0.0581393313756
0.0456958520966
0.0259356733266
0.0257214741511
0.0588027899487
0.0279964154669
0.0164476248807
0.0629079190581
0.0410082161182
0.022901764127
0.0395199930619
0.052403041121
0.0516033968912
0.0384644094385
0.0457595341091
0.0310719501071
0.0121326054078
0.074163359203
0.0254449787949
0.0264791769982
0.0647455079316
0.0361488383968
0.0156349467141
0.0354532955335
0.0271449622946
0.0258299099006
0.0475507837768
0.0407069684993
0.0493947581404
0.0184175625118
0.0508338518833
0.021002360051
0.0314946750216
0.0718038354987
0.0380481314561
0.0382878361956
0.0121824212455
0.0486547196326
0.054033719255
0.0301256257416
0.0321695471065
0.0227195593019
0.0423119155008
0.0155153692361
0.00746432578767
0.0170169599144
0.0358417097389
0.0350202765758
0.0716771689645
0.0296501336027
0.0593228100579
0.0598113944905
0.0287749999736
0.0492888453443
0.0413925608135
0.0311097180753
0.0376942980303
0.0569121806958
0.0250324567567
0.026785242468
0.0305735348079
0.0273606744315
0.0180272080355
0.0352866823557
0.0108435116396
0.0278682388661
0.0363879118866
0.0244760756771
0.0383695449784
0.0239664030815
0.0171813357228
0.0394729726642
0.0328566983404
0.0207017286946
0.015601831073
0.033952182113
0.0215615784786
0.0362506142464
0.0420538388599
0.0282348707461
0.0380250336579
0.018758638902
0.0277922667176
0.0289970449736
0.0199580669795
0.0310044069875
0.0105982669328
0.0265764616416
0.0185521883189
0.0131720064716
0.0223935942786
0.0545616817569
0.0331840984227
0.0368642045416
0.0260086936283
0.0212491931175
0.00948591873545
0.0399296394948
0.0515512457465
0.0283112327895
0.0266312376225
0.0308857887366
0.0291291844217
0.0249428110766
0.0329095563247
0.0282121772868
0.032663897898
0.0715230243706
0.0282800441037
0.0180958822557
0.0174044141585
0.0274074231599
0.0278400330181
0.0289840914001
0.0338799094071
0.0285242545483
0.0346694046418
0.0294446907893
0.0455842128538
0.0187229126639
0.0238718739515
0.0165930370581
0.0192127642984
0.0253243437861
0.0251775516708
0.0126879104588
0.0129302474416
0.0335492688883
0.0138998607261
0.0180722962168
0.0298154141253
0.0180775819192
0.0211994954385
0.0218142520018
0.0279347281425
0.0265318819519
0.0186328550407
0.0198043498181
0.0311322101695
0.0203265007348
0.0304721958418
0.0160221207209
0.0252617170024
0.0190131316681
0.0131012049598
0.0250801143126
0.0319490067798
0.0151026458539
0.0
0.0141876668796
0.0582090257877
0.0
0.00558714213642
0.00617048123692
0.0173084648645
0.0190376051548
0.0280616030534
0.0
0.0
0.00258616605644
0.00273802744076
0.002174795081
0.00073653336162
0.00535619066422
0.00512399448527
0.0259279121468
0.000133009043446
0.0433713525709
0.0896616948384
0.0463546982673
0.00461291607148
0.117196946517
0.002174795081
0.0351730531432
0.00771073097605
0.00237930643716
0.0171333114483
0.0106922099949
0.0
0.0
0.0
0.0
0.00229818712406
0.0120615581463
0.00188848979962
0.0345110433215
0.000895998321264
0.000802102822562
0.02395743988
0.00263419303475
0.0069158423069
0.00519563070928
0.0215163640415
0.0379221106819
0.00679071406731
0.046790584521
0.0413694093707
0.018976696124
0.0224019176165
0.0272306876671
0.0856156246683
0.0461635997576
0.0158828595241
0.018711173876
0.0134548130796
0.0367394321935
0.0242077896607
0.0184668996197
0.0421187629009
0.0284781934146
0.016047680732
0.0157399996098
0.0219074157362
0.0156738495857
0.000460386931963
0.0
0.00213192344624
0.0197731702597
0.0
0.000258479944805
0.000291841027512
0.00416941633989
0.00075782644424
0.00766247391266
0.0
0.00340443187218
0.019216777164
0.00151192963889
0.00225384272035
0.0269414638434
0.0105101699214
0.0279812263859
0.0163118604568
0.0383970912862
0.0302850949075
0.0148889440661
0.0255507474786
0.0139495101457
0.0210417128372
0.0214308911741
0.0323063125789
0.0429011323487
0.0212106975355
0.0253449829408
0.0291150591948
0.00465285542955
0.0332524184449
0.0349623040032
0.0216696088109
0.0362857716429
0.040754175583
0.0410603008831
0.0297741663646
0.0234247656627
0.0649838056266
0.0298182995553
0.0231953197399
0.051107083529
0.0383014212529
0.0308023659345
0.024238622394
0.018526287875
0.0316608914911
0.0305027456123
0.0230736986583
0.014918435204
0.00841743530185
0.0206884565879
0.0174628697802
0.0176000684966
0.0154614757555
0.0931113459957
0.0188955811735
0.0214333114169
0.0339928849609
0.00545556872703
0.0349703901109
0.0252729798243
0.0525297224472
0.0279934832662
0.0197450658386
0.0291715914757
0.0385015484152
0.0130771114466
0.0475476072973
0.0293987766415
0.0174973940926
0.0755592996798
0.0183373195344
0.0265158490069
0.0286453993719
0.0450840612253
0.017859616469
0.0214100142073
0.0905018836286
0.029353213312
0.0459496412501
0.00936863007314
0.0288021120165
0.0181266726703
0.0253441178128
0.0195326077877
0.0238421279486
0.0250343512865
0.0339625917517
0.028930635917
0.0296215165814
0.0145199164917
0.0218643423231
0.0186334691498
0.0171916853863
0.0202511855128
0.000444017926155
0.000749369096626
0.0115892041775
0.0165538168259
0.00201346850141
0.000469201197583
0.0584636560047
0.037682955588
0.0254879537467
0.0487045055677
0.0535479936462
0.0120908166127
0.0261944140463
0.0193311903896
0.0339439423028
0.0183010165815
0.0165907112468
0.0228437965091
0.0248420240328
0.0554429186823
0.00232085994715
0.0342832410222
0.0327719586591
0.0342755245875
0.0208168531319
0.0238247782585
0.0505115921609
0.0623348765017
0.0257905130809
0.0337542734969
0.0190305591567
0.0244535445873
0.0315902588006
0.0232217019606
0.0339121295174
0.0257286510757
0.0197249790829
0.0265086076918
0.0278386392417
0.00198074999413
0.0286933366325
0.0182092388087
0.0
0.0512646646247
0.0712178551354
0.0375280499935
0.0
0.0
0.0
0.0
0.0
0.000147718861173
0.0103445673814
0.0176338752048
0.0191270479899
0.0
0.0
0.0129123536812
0.031330836167
0.0292901375823
0.0354630029603
0.0576425442721
0.0158138963304
0.0261165350582
0.0197924514103
0.0511205397039
0.0485906731646
0.0
0.0
0.0216334288909
0.0137375930171
0.0
0.00557874756664
0.0
0.0136033879534
0.00891653792272
0.000179424876732
0.0252756973472
0.0313363455219
0.0693251642017
0.0229980840841
0.0193011599544
0.0185741945328
0.0182349345814
0.013671119803
0.050914653654
0.0
0.0
0.0
0.0
0.0254389870695
0.0496604773724
0.0135495196312
0.0218941625588
0.00779883368768
0.095685654416
0.00239701462586
0.0
0.0489982037228
0.0151908527757
0.0601422581535
0.0136989938476
0.0236961987046
0.0293365417781
0.0389831681094
0.0240391561963
0.0170018846617
0.00955511388937
0.0192960629749
0.0158199400355
0.034034668373
0.0361691045565
0.0108301957621
0.0277607563917
0.0202443699775
0.00126812619862
0.00144671915395
0.00094946188561
0.00107851655787
0.00124372282483
0.00071475494915
0.000655303785058
0.0127398678118
0.0
0.0
0.00800067336825
0.0061924914767
0.0
0.00220208787902
0.00264956397137
0.0265157761085
0.0337233863042
0.0208211137358
0.0222471650031
0.0144885504244
0.00917218753027
0.0137093612199
0.0180873018169
0.0128943434697
0.00914038457524
0.022228641882
0.0215832474737
0.0093216012391
0.0
0.0189463117352
0.0
0.0
0.000282155216306
0.0
0.0202035249528
0.00811413520186
0.0469151822015
0.0425631585894
0.0215053961045
0.0437479473808
0.0514380808145
0.0363683174277
0.0293667566847
0.0165753366679
0.0
0.00300151064466
0.0
0.0
0.0157758125601
0.0129688020739
0.00809655052552
0.0318331684039
0.0510904008954
0.0746163944872
0.0216718654078
0.03317051921
0.0212399965606
0.0174421453638
0.0205653516162
0.0309022702424
0.0559090849422
0.0247349144568
0.0299498996126
0.0366941323124
0.0693886873014
0.042682863238
0.0130721832904
0.0227094592741
0.0651368850392
0.0172158726379
0.0133806327922
0.0
0.0
0.0
0.00163742987805
0.0
0.00350764837615
0.0
0.0
0.0252891963786
0.0
0.0
0.0
0.0
0.0
0.0339465296478
0.0695742367753
0.0168738189184
0.0116194021766
0.0121129399294
0.0107735638872
0.0166460686493
0.0279143883174
0.0132134370693
0.0428095965038
0.0184763170574
0.0101165822551
0.0419383650986
0.0347076025912
0.0187625883112
0.0621555632811
0.0
0.00103216414257
0.0146201527561
0.00833066005116
0.0117060677848
0.0154319711938
0.0120799921188
0.0183370635863
0.0467086242159
0.00778164699302
0.0
0.0143286145002
0.0383124623222
0.0192391718508
0.0104859814334
0.0526962234812
0.0119408714066
0.0246304077172
0.0301595885849
0.00462907532895
0.032546537081
0.00436250495229
0.0329131219689
0.00309662047271
0.0176717543916
0.0221855815411
0.0197688984052
0.0432724861588
0.018894922589
0.035302905459
0.00890416596545
0.0167724057328
0.0160395130411
0.0167165162405
0.00490274172293
0.0246549668627
0.0168572675443
0.017703161511
0.011685131653
0.0195730068726
0.0229842543529
0.0237785935116
0.0125203414765
0.0158859032956
0.0339809988166
0.0123824685588
0.0122083149853
0.00737335170606
0.00675389970055
0.024518539343
0.0218263936668
0.0210355784088
0.0124167269476
0.0
0.000367449035958
0.00123552602289
0.00651688559187
0.00511706652336
0.00195138597661
0.0
0.015392479879
0.0
0.0
0.0
0.015990972239
0.0130993230694
0.0298405211659
0.0139749842501
0.0448072484532
0.00176394485938
0.0539362326702
0.0220333027259
0.00847004703161
0.00797013834555
0.0167126137335
0.00346549617532
0.0
0.0
0.0
0.0
0.0
0.000240202098837
0.0
0.0107530559679
0.02850556486
0.062967880376
0.0241120988834
0.0
0.0550515638103
0.035578187583
0.00958470737224
0.0450371391082
0.00424729296846
0.00668406009536
0.0186931557872
0.0
0.0
0.0
0.0
0.0269419025721
0.0
0.0154157730583
0.0202586955153
0.0231725724005
0.0113818161632
0.0219848365109
0.0184867962026
0.0222418263807
0.0227540508749
0.0311185791034
0.0229411731078
0.0103073957746
0.0634387866156
0.0139202574973
0.0258466221405
0.0162306298769
0.0342418259998
0.0195389085311
0.0161959208966
0.00957031378166
0.0246520586548
0.0117987468894
0.0115901894689
0.0321091611873
0.0253259405165
0.00931769170794
0.00312652562149
0.00615325492529
0.0207331921783
0.00747771282412
0.00552450085862
0.00595647240547
0.0040247967089
0.0332267880674
0.0160213083746
0.0104491706708
0.0182408794345
0.0131756784574
0.0
0.0346457792721
0.0483275772922
0.0168127487109
0.0275285793887
0.0323376729063
0.03044472378
0.0567982923158
0.0109042423679
0.0297562504872
0.0447877764851
0.00289947807021
0.0242514943968
0.00921920100425
0.0177948288719
0.0124176559566
0.0218645995745
0.0203975962296
0.0124748273152
0.0209814772741
0.00556381607657
0.00537263069234
0.0134087786284
0.0182589230822
0.00773093588504
0.0327790881844
0.0340962043342
0.0169464771365
0.00551333254341
0.029411028625
0.0367567267621
0.0124472310814
0.0103954638911
0.00453196078939
0.0144254230086
0.00269906716461
0.0219377021548
0.028920979884
0.0024137552613
0.0201145171353
0.0165046745579
0.00156039406212
0.039879933102
0.0250005154662
0.0172704714673
0.0279230251072
0.0154326291373
0.0133493630558
0.0159228249664
0.0193857746544
0.0284380483289
0.00879227743466
0.012042090577
0.0
0.0
0.0
0.0
0.0
0.00691822634324
0.0155730064
0.0202709415237
0.0384209241136
0.0194792393791
0.00875657010546
0.00704211377445
0.0198975148116
0.0161070945619
0.00877320509343
0.0294315000421
0.0179244008569
0.0172422376342
0.0120418939187
0.0459027681242
0.0115204113193
0.0328320070564
0.038720169223
0.0185873712911
0.0155518275755
0.0271689359611
0.030375520555
0.0300799875787
0.0168853213197
0.020591539168
0.0232206357346
0.000559821669047
0.00115921932667
0.0266456238405
0.0158045862262
0.0024893467048
0.0261333368486
0.00505384618275
0.0355806064281
0.00876095418815
0.00246370731222
0.0134726820709
0.0356662501145
0.00665451111042
0.0203095274464
0.0138522338673
0.0170092550996
0.0161557360506
0.0214521146806
0.00307441324612
0.0222810043583
0.0172174999106
0.0299736456197
0.00122811587066
0.0274734725477
0.0134436303017
0.0258807133296
0.0184557138957
0.0199858950613
0.0161266535193
0.0241406274034
0.0219867808424
0.0227204813776
0.00567185090664
0.0209471177662
0.0358871484796
0.00433566817532
0.0160359588466
0.0146416110989
0.0128179510981
0.0155079769223
0.0147659332818
0.0175768762281
0.0194858694811
0.0
0.0119701518106
0.0161093992774
0.0175378947803
0.0
0.0
0.0
0.0
0.0
0.0185748402874
0.0169263222308
0.023023687051
0.0183474554694
0.0248775079586
0.0134329718571
0.0261651992182
0.0401303620099
0.0254615304023
0.0382723803636
0.009916855346
0.0183070672609
0.0182125024414
0.0256868425691
0.0238220976623
0.0281554205675
0.023008510269
0.0207271236041
0.0350440009982
0.0256434027246
0.0119249200879
0.0205597413862
0.0421715330125
0.0335853448355
0.00949373904306
0.0075985439006
0.0207692846289
0.00889004996895
0.0236714109818
0.0346473067318
0.0320516492317
0.0112882193773
0.0204496442827
0.0286536827422
0.0235608064894
0.0180696550707
0.0224890680574
0.0129827771608
0.0193071517493
0.0283203625729
0.0368143795457
0.0
0.000621417664377
0.0412912917784
0.024674813368
0.0
0.0
0.0
0.0
0.013777482213
0.0315338138511
0.0211723055882
0.00555047870084
0.0245811386369
0.0422311664547
0.00341407945218
0.0130339788413
0.00335005374372
0.0170292805762
0.0149644233425
0.0125257589612
0.0197660142097
0.0
0.000206942815449
0.00406771658398
0.0056384870962
0.00484838417063
0.00812205452842
0.0116756797484
0.0
0.0
0.0
0.0
0.00846834978124
0.012533948624
0.0217370699105
0.0179484350482
0.015097452968
0.022036071208
0.0208942094598
0.0139082097076
0.0175658519084
0.0109826850986
0.0191826123132
0.0417931778445
0.00277644429812
0.0124016076632
0.00280759303082
0.00424423413058
0.013289064776
0.00292054669948
0.00412766261082
0.00489744821948
0.0156807314877
0.00180287602339
0.0176102372919
0.0196916660225
0.0136563251757
0.0
0.0
0.0
0.0
0.0
0.0
0.00592728236869
0.000587606938141
0.0
0.0255864195388
0.0204276120446
0.0
0.0153678448239
0.000834982058338
0.0
0.011911490035
0.0043733841164
0.011107215343
0.0207834488736
0.00479505953614
0.0345281973749
0.0045558169938
0.00787207027989
0.00358582704007
0.00591209978537
0.000263851354517
0.00548279125137
0.0155932746962
0.0
0.0
0.000643577909438
0.0
0.0
0.0
0.0
0.000462143091239
0.00185076124638
0.0
6.66729896141e-06
0.0
0.0106847544192
0.0
0.0318258059504
0.0130901517088
0.0195007732352
0.0413210804343
0.0197020473314
0.0217017884185
0.0335639424657
0.0133712364756
0.0116393626517
0.0232713818448
0.0211001890181
0.0
0.00185392137105
0.00328138021244
0.00235036067764
0.00497868586429
0.0369775642603
0.0076484185523
0.0192124169793
0.015465333172
0.0
0.0
0.0
0.0
0.0121357778485
0.0343193188174
0.0101114869321
0.0
0.0
0.0
0.0
0.0185085703033
0.0120326890427
0.0245034130425
0.0135462820561
0.010074111499
0.00155993643633
0.0130758125669
0.015003985307
0.0157872502778
0.00907117160249
0.0
0.0
0.0
0.0
0.0236646733905
0.0
0.0
0.0
0.0
0.0
0.0
0.0
0.0134493796895
0.0
0.0
0.0
0.0
0.0
0.013606380265
0.0
0.0
0.0
0.0
0.0
0.0
0.0
0.0
0.00504303223337
0.00285939072133
0.00367036892606
0.000382602043289
0.00455381042031
0.0
0.0
0.00267223682798
0.0
0.00430301830582
0.0
0.0
0.0
0.0
0.0
0.0
0.0
0.0188509359267
0.0
0.0
0.0
0.0
0.010735279916
0.0152907247038
0.0
0.0
0.0
0.0
0.0
0.0
0.000330983505551
0.0
0.0
0.00528685482982
0.0224587292414
0.0286979176742
0.00429884854187
0.0
0.0161803553281
0.0133317575171
0.0
0.0
0.0199602682535
0.0192952603301
0.0
0.0
0.0
0.0
0.0
0.014099661439
0.0
0.0
0.0
0.00571117841994
0.0
0.0325081560474
0.0
0.0
0.0
0.0
0.0
0.0
0.0226796262902
0.0182178783784
0.00706470618401
0.00747641791486
0.0
0.0
0.0
0.0
0.0
0.0
0.0303370135289
0.00060958492632
0.018629562253
0.0134515444423
0.0
0.0
0.000604100600146
0.000209721965974
0.00162750524201
0.0173874911545
0.0291288409282
0.0283804521083
0.0189163812498
0.0188702687322
0.0113867431225
0.0119841526879
0.0
0.0
0.0
0.00351620402385
0.0305927934761
0.018651680818
0.00357130583084
0.0139317324456
0.0198108885065
0.0136926803851
0.000530435607106
0.0235099121512
0.000180482432282
0.0220521352883
0.0258068371673
0.00928564025501
0.0129189834156
0.0194366269442
0.00335899245774
0.013826360463
0.0195728338951
0.0
0.0
0.0
0.0
0.0
0.013082978894
0.0238683520821
0.00420614797184
0.00770064092572
0.0483217049041
0.0153950497006
0.0223153496667
0.00287703098164
0.00231654351915
0.00052880997615
0.02645348
0.0120570452422
0.0154013377575
0.00769374167546
0.0
0.0
0.0
0.0
0.0
0.0
0.0
0.0
0.0
0.0
0.00767499010796
0.0176903846908
0.0122508486298
0.00436377366115
0.00346229058568
0.0
0.020746077174
0.0141722356254
0.0
0.0
0.000914838835087
0.00211105055875
0.00585822276456
0.0
0.0
0.0
0.0100693060428
0.0
0.0321800246147
0.0212481164499
0.00978581064749
0.0102929449301
0.0187491402867
0.00238420128496
0.00382583783505
0.0
0.0
0.0
0.0
0.0
0.0
0.0
0.0
0.0
0.0
0.0
0.025649792228
0.0211374454407
0.0176629684998
0.0
0.0
0.0
0.0
0.0
0.0
0.0
0.0
0.0
0.0328296612202
0.0
0.0
0.0
0.0141761436587
0.0130740572492
0.0298040084072
0.0
0.0217317867894
0.00967475469057
0.0225563964408
0.0
0.0
0.00394521372557
0.0
0.0
0.0
0.0
0.0326834291572
0.0116306755423
0.0235197865579
0.0250171507178
0.0203092478981
0.00892577734593
0.0176306757862
0.0271837512916
0.00324668651506
0.0
0.0
0.0
0.0
0.0
0.0
0.0
0.0
0.0
0.0
0.0262430297706
0.013498507324
0.0146660575523
0.00909496991631
0.0268051599503
0.0126460297218
0.0081245182046
0.0139168305778
0.013544970143
0.0125512008202
0.00549241127613
0.0205280512873
0.0114294698072
0.00172594591669
0.00199965455522
0.00922098026462
0.0179816600691
0.0238186104662
0.0148212735726
0.0
0.0
0.000182335986522
0.0386892577505
0.0176412066396
0.0234324850452
0.0
0.0
0.0
0.0
0.0
0.0
0.0
0.0171462596362
0.0
0.0
0.0
0.0
0.0179419523008
0.0174119079077
0.0
0.0
0.0
0.0
0.0
0.0
0.0
0.0
0.00220616027363
0.00566218214121
0.0040309763079
0.0103939700267
0.014567477715
0.0122883820249
0.00519561819983
0.00639783097262
0.00331561412585
0.0129469288092
0.0122995018617
0.020481463319
0.0138681942652
0.0137615267387
0.0037119025994
0.021247003376
0.0187847245934
0.00491809767682
0.00358851132674
0.020081226802
0.0190918817611
0.0175569479003
0.00418972268233
0.0179253746463
0.0235944675522
0.0244231574339
0.0146007233295
0.0180822381425
0.0119546801324
0.00541933619947
0.00483866288166
0.0
0.0192776662642
0.00222671795675
0.00422664851002
0.00496356057914
0.0191309586846
0.000275063443393
0.00334690971132
0.00447569512091
0.00372931510582
0.000411728772966
0.00572598035434
0.0190713874287
0.00249547422365
0.0200957544924
0.0111656286572
0.00657394620598
0.00420611385774
0.00120236249923
0.00301900822981
0.0233809293117
0.00262188801605
0.000394072557045
0.00456292857525
0.0175434476964
0.0163100590204
0.00505330294372
0.0189741153067
0.00519528089965
0.0146646697134
0.00722774844413
0.0234969113444
0.00974303183522
0.00203231570691
0.0139490179891
0.0047603958946
0.0139948830301
0.0126518115847
0.0080277491565
0.00251214961171
0.00149002046387
0.00399147262856
0.0166753232924
0.0144290467715
0.0195271538679
0.0213769402767
0.0
0.0131911511865
0.0196307957563
0.0103121532096
0.00810692270361
0.0040059881853
0.012968386874
0.0145184749868
0.00360624887829
0.0144500394572
0.0151448475886
0.00969291223839
0.0
0.0117846890487
0.0148707812822
0.0106325911296
0.000483752937577
0.0106541613566
0.0102083192015
0.0120033444288
0.00137714525949
0.00966051224712
0.0
0.0
0.0
0.0
0.0
0.00481675896905
0.00469381520432
0.0
0.0
0.0
0.0
0.0
0.0
0.0
0.0
0.0
0.0
0.0
0.0
0.0
0.0
0.0
0.0
0.0
0.0
0.0
0.0
0.0
0.0
0.0
0.0
0.0
0.0
0.0
0.0
0.00371686648038
0.0
0.0
0.0
0.0
0.0
0.0
0.0
0.0
0.0
0.0
0.0
0.0
0.0
0.0
0.0
0.0
0.0
0.0127815738341
0.0
0.00737024513128
0.00905537520539
0.00297043803199
0.0162551420463
0.00370575722992
0.00271038412933
0.0
0.0
0.0
0.0
0.0
0.0
0.0
0.0
0.0
0.0
0.0
0.0
0.0
0.0
0.0
0.000563291527738
0.0
0.0
0.0
0.0
0.0
0.0
0.0
0.0
0.0
0.0
0.0
0.0207446279425
0.0126027985789
0.00801195326906
0.0
0.0
0.00729292641517
0.0064290701192
0.00343693747425
0.0
0.0
0.0
0.0
0.0
0.0
0.0
0.0
0.0
0.0
0.00436070571771
0.0136117456882
0.0
0.0
0.0
0.0
0.0
0.0
0.0
0.0
0.000217730418438
0.0
0.0
0.0
0.000425670777431
0.0
0.02380374018
0.0085524129239
0.0206331411346
0.0134876094926
0.0139127276626
0.0
0.0
0.0
0.0
0.0
0.0
0.0
0.0
0.00285571485608
0.00311189084007
0.0
0.0
0.0
0.0
0.0
0.0
0.0
0.00682746413102
0.00887814794099
0.0135821590284
0.0
0.0
0.0
0.0
0.00648164707105
0.0
0.0
0.0
0.0
0.0
0.0
0.0
0.0
0.0
0.00176480689684
0.0
0.0
0.0
0.00366121555492
0.0
0.0126268444859
0.0
0.0038095034818
0.0
0.0
0.0
0.0
0.0
0.00482976260875
0.0
0.0
0.00561703901695
0.00464233686777
0.00545683051595
0.00732490408102
0.00760312252182
0.00556859341224
0.0130592343969
0.023994002713
0.017299369064
0.00336662960977
0.0130509669386
0.0055284503226
0.0198126614035
0.0
0.0
0.0
0.0
0.0
0.0
0.0
0.0135995511686
0.00914352271761
0.0193606784225
0.0218792719799
0.00577602724261
0.0101811800719
0.00445320129135
0.00198609587956
0.0148279022558
0.0249487544088
0.00677302824741
0.0237565655031
0.00868203565786
0.00392252376622
0.0236449799125
0.00516294150284
0.00675112055191
0.00577141465146
0.00707350576386
0.00956100413575
0.00518912518342
0.0185013801304
0.013856277347
0.0054693114113
0.00419084849852
0.00721464101231
0.00543970621817
0.00794150098283
0.00502356711056
0.00707988021516
0.00440264629464
0.00653981297081
0.00233035883334
0.00367277409855
0.0103235559095
0.0044686251146
0.00456417598814
0.0102480382147
0.0148883105557
0.0227711880931
0.00303773870962
0.0
0.0252588196614
0.0
0.0
0.0109296758806
0.00704421830691
0.010169016925
0.0247389958621
0.0025390466408
0.0
0.0167909833334
0.0153312542342
0.0144366398094
0.0
0.0
0.0
0.0
0.0
0.0
0.0
0.0180666165711
0.00150075504582
0.0
0.0
0.0141665208906
0.0293165175988
0.0120778177088
0.0331421555475
0.00386230672146
0.00966005589303
0.0136461291272
0.00886347703699
0.013533723126
0.0116473700712
0.00769061596074
0.00497034453644
0.00764829997829
0.0129861568323
0.0135079043803
0.0130752318812
0.00472286329374
0.00566583919206
0.0125850316465
0.0103370876347
0.00919241684007
0.0158511432886
0.0256556811335
0.00936764149547
0.016701638308
0.00727025966535
0.0201524068877
0.0
0.0
0.0
0.0
0.0
0.0
0.0
0.0
0.0
0.0
0.0
0.00636436744281
0.00355222935083
0.00694524949244
0.0
0.0
0.0
0.0
0.0128440708453
0.00156592156146
0.00173331404009
0.0
0.0
0.00440111945779
0.0
0.0
0.0
0.0
0.0
0.0
0.0
0.0
0.0
0.00389493537815
0.0140597046074
0.0
0.0
0.0
0.0
0.0
0.0
0.00200342727305
0.0
9.64908232371e-05
0.00544289962129
9.64908232371e-05
0.00697101678145
0.00858992406612
0.00118953946844
0.00726815277414
0.0075137181416
0.00355168115999
0.00293472874782
0.00261875892948
0.0022248990554
0.00418326484476
0.0
0.0
0.0
0.0
0.0
0.00888872511502
0.0
0.0
0.0
0.0
0.0
0.0
0.0
0.00211671508185
0.00043077905211
0.0
0.00217773966182
0.0
0.000683042165568
0.0
0.0
0.0
0.0
0.0
0.0
0.00195587879542
0.00154434719743
0.0
0.0
0.0
0.0
0.00573402047463
0.00184832387451
0.00176891147198
0.0
0.0
0.0
0.0
0.0
0.0
0.0
0.0
0.0
0.0
0.0
0.00276232248992
0.0
0.00616089340952
0.0
0.0
0.00093560906309
0.00155737307943
0.0
0.0
0.0
0.0
0.0
0.0
0.0
0.0
0.0
0.0
0.0
0.0
0.0
0.0
0.0
0.0
0.0
0.0
0.000983253245259
0.00938504966381
0.000500890969106
0.0
0.0
0.0
0.0
0.0
0.0
0.0
0.0
0.0
0.0
0.0
0.0
0.0
0.000170352894369
0.0
0.0
0.0
0.0
0.0
0.0116858220171
0.00997950745078
0.00811950354336
0.00119932703106
0.00461637940624
0.0108791083156
0.0100851366282
0.00361041231608
0.0
0.0
0.0
0.00116325464315
0.0203157156843
0.0
0.00474061768386
0.0
0.0
0.00413466920708
0.00433770854305
0.0
0.0
0.0
0.0
0.0
0.0
0.00828940803003
0.0
0.0
0.0
0.0
0.0
0.0
0.0
0.0
0.0
0.0
0.0
0.0
0.0
0.0128181645706
0.0144041120184
0.00365848186739
0.00505230282313
0.0
0.0
0.0
0.0
0.0
0.0
0.0
0.0
0.0
0.0
0.000694131264256
0.0
0.0
0.0
0.0
0.0
0.0
0.0
0.0
0.0
0.00698360779875
0.00640380510924
0.00300948542609
0.0111269356008
0.0
0.0
0.0
0.0
0.0
0.0
0.0
0.0
0.0
0.0
0.0
0.0
0.0
0.0
0.0
0.0044253669055
0.0
0.00719132178893
0.00675472565939
0.000831283657632
0.00350912628592
0.0107610131276
0.00199090024513
0.00564414586923
0.00961483409281
0.00567373304848
0.00368859276741
0.00393477453448
0.0096763043007
0.0
0.0
0.0
0.0
0.0
0.0
0.0
0.0
0.0
0.0
0.0
0.0
0.0
0.0
0.0
0.0
0.0
0.0
0.0
0.00913248543947
0.00676147257418
0.00192447017043
0.00323656883855
0.00298249641043
0.00851336651301
0.00702890006109
0.00571870905286
0.00739215105508
0.00669802447226
0.0015008884938
0.00413156336446
0.00455983086762
0.00534965211983
0.00572546331658
0.00158619326187
0.0
0.0
0.0
0.00436021053072
0.0
0.0
0.0
0.0
0.0
0.0
0.0
0.0
0.0
0.0
0.0
0.0
0.0
0.00255501662085
0.00282645661619
0.00802049538609
0.00946222370155
0.00482888248123
0.0
0.0
0.0
0.0
0.0
0.0
0.0
0.0
0.0
0.0
0.0
0.0
0.0
0.0
0.0
0.0
0.0
0.0
0.0046254104881
0.0
0.0
0.0
0.0
0.0022866203751
0.0
0.0
0.0
0.0
0.0
0.0
0.0
0.0
0.0
0.0
0.0
0.0
0.0
0.0
0.0
0.0
0.0
0.0
0.0
0.0
0.0
0.0
0.0
0.0
0.0
0.0
0.0
0.0
0.0
0.0
0.00453436803669
0.0
0.0
0.0
0.0
0.0
0.0
0.0
0.0
0.0
0.0
0.0
0.0
0.0
0.0
0.0
0.0
0.0
0.0
0.0
0.000360245863218
0.0
0.0
0.0
0.0
0.0
0.0
0.0
0.0
0.0
0.0
0.0
0.00923260282615
0.00871042210333
0.00591348185666
0.0
0.00693444926062
0.0
0.0
0.0
0.0
0.0
0.0
0.0
0.0
0.0
0.00148386635175
0.0
0.0
0.0
0.0
0.0
0.0
0.0
0.0
0.0
0.0
0.0
0.0
0.0
0.0
0.0
0.0
0.0
0.0
0.0
0.0
0.0
0.0
0.0
0.0
0.0
0.0
0.0
0.0
0.0
0.0
0.0
0.0
0.0
0.0
0.0
0.0
0.00880002485061
0.0
0.0
0.0
0.0108765373644
0.0
0.0
0.0
0.0
0.0
0.0
0.0
0.0
0.0
0.0
0.0
0.0
0.0
0.0
0.0
0.0
0.0
0.0
0.0
0.0
0.0
0.0
0.0
0.0
0.0
0.0
0.0
0.0
0.000270605748545
0.00528043948444
0.0
0.0
0.0
0.0
0.0
0.0
0.0
0.00178143002633
0.0
0.0
0.0
0.0
0.0
0.0
0.0
0.0
0.0
0.0
0.0
0.0
0.0
0.0
0.0
0.0
0.0
0.0
0.0
0.0
0.0
0.0
0.0
0.0
0.00309696167465
0.00213403693485
0.000169009134029
0.0
0.0
0.0
0.0
0.0
0.0
0.0
0.00216323746989
0.0
0.0
0.0
0.0
0.0
0.0
0.0
0.00280978241733
0.0
0.0
0.0
0.0
0.0
0.0
0.00331856876079
0.00617697574188
0.0
0.0
0.0
0.0
0.0
0.0
0.0
0.0
0.0
0.0
0.0
0.0
0.000450353535841
0.00203734743061
0.00490501926513
0.00312631581894
0.0
0.0
0.00270267684441
0.00352141770152
0.00387678071547
0.00286750991613
0.00572409703143
0.0
0.0
0.0
0.0
0.0
0.00580912022246
0.0
0.0
0.0
0.0
0.0
0.0
0.0
0.0
0.0
0.0
0.0
0.0
0.0
0.0
0.0
0.0
0.0
0.0
0.0
0.0
0.0
0.0
0.0
0.0
0.000588362943546
0.00152181201495
0.000436180570925
0.00294894292708
0.0
0.0
0.0
0.0
0.0
0.0
0.0
0.0
0.0
0.0
0.0
0.0
0.0
0.0
0.0
0.0
0.0
0.0
0.0
0.0
0.0
0.0
0.0
0.0
0.000226850743296
0.0
0.0
0.0
0.0
0.0
0.0
0.00130348314487
0.0
0.0
0.0
0.0
0.0
0.0
0.0
0.0
0.00311077674096
0.0
0.0
0.0
0.0
0.0
0.0
0.0
0.0
0.0
0.00132439466996
0.0
0.0
0.0
0.00445385195541
0.0
0.0
0.000458745973092
0.0
0.0
0.0
0.0
0.0
0.0
0.0
0.0
0.0
0.0
0.0
0.0
0.0
0.0
0.0
0.0
0.0
0.0
0.0
0.0
0.00190400665727
0.0
0.0
0.0
0.0
0.0
0.0
0.0
0.0
0.0024557540765
0.00224448151887
0.0
0.0
0.0
0.0
0.0
0.0
0.0
0.0
0.0
0.0
0.0
0.0
0.00031339939256
0.00380672883928
0.0
0.0
0.0
0.0
0.0
0.0
0.0
0.0
0.0
0.0
0.0
0.0
0.0
0.0
0.00185785847579
0.0
0.0
0.0
0.0
0.0
0.000561416654736
0.00400625975522
0.00481679834652
0.0
0.0
0.0
0.0
0.00274710802677
0.00104459983542
0.00399913690721
0.0
0.0
0.00121256796773
0.0
0.0
0.0
0.0
0.0
0.0
0.0
0.0
0.0
0.0
0.0
0.0
0.0
0.0
0.0
0.0
0.0
0.0
0.00861422510549
0.0044192572683
0.0
0.0
0.0
0.0
0.0
0.0
0.0
0.0
0.0
0.0
0.0
0.0
0.0
0.0
0.0
0.0
0.0
0.0
0.0
0.0
0.0
0.0
0.0
0.0
0.0
0.0
0.0
0.0
0.0
0.0
0.0
0.0
0.0
0.0
0.0
0.0
0.0
0.0
0.0
0.0
0.0
0.0
0.0
0.0
0.0
0.00210320934862
0.0
0.0
0.0
0.0
0.0
0.0
0.0
0.0
0.0
0.0
0.0
0.0
0.0
0.0
0.0
0.0
0.0
0.0
0.0
0.0
0.0
0.0
0.00837980468851
0.0
0.0
0.0
0.0
0.0
0.0
0.000658835394608
0.00213676817294
0.0
0.0
0.0
0.0
0.0
0.0
0.0
0.0
0.0
0.0
0.0
0.0
0.0
0.0
0.0
0.0
0.0
0.0
0.0
0.0
0.0
0.0
0.0
0.0
0.0
0.0
0.0
0.0
0.0
0.0
0.0
0.0
0.0
0.0
0.0
0.0
0.0
0.0
0.0
0.0
0.0
0.0
0.0
0.0
0.0
0.0
0.0
0.0
0.0
0.00510513881932
0.0
0.00499529264239
0.0
0.0
0.0
0.0
0.0
0.0
0.0
0.0
0.0
0.0
0.0
0.0
0.0
0.0
0.0
0.0
0.0
0.0
0.0
0.0
0.0
0.0
0.0
0.0
0.0
0.0
0.0
0.0010478225254
0.0
0.0
0.0
0.0
0.0
0.0
0.0
0.0
0.0
0.0
0.00201519287515
0.00507327706193
0.00178369639315
0.0
0.0
0.0
0.0
0.0
0.0
0.00194975016583
0.0
0.0
0.0
0.0
0.0
0.0
0.0106476117339
0.0
0.0
0.0
0.0
0.0
0.0
0.0
0.0
0.0
0.0
0.0
0.0
0.0
0.0
0.0
0.0
0.0
0.0
0.0
0.0
0.0
0.0
0.0
0.0
0.0
0.0
0.0
0.0
0.0
0.0
0.0
0.0
0.0
0.0
0.0
0.0
0.0
0.0
0.0
0.0
0.0
0.0
0.0
0.0
0.0
0.0
0.0
0.0
0.0
0.0
0.00253928552494
0.0
0.0
0.0
0.0
0.0
0.000701320314406
0.0
0.0
0.0
0.0
0.0
0.0
0.0
0.0
0.0
0.0
0.0
0.0023899687151
0.0
0.0
0.0
0.0
0.0
0.0
0.0
0.0
0.0
0.0
0.0
0.0111219533728
0.00135640570509
0.000125422975523
0.0
0.0
0.0
0.0
0.0
0.0
0.00428003653718
0.000698505416893
0.0
0.00131840286953
0.0
0.0
0.0
0.0
0.0
0.0
0.00652720885887
0.0
0.0
0.0
0.0
0.0
0.0
0.0
0.0
0.0
0.0
0.0
0.0
0.0
0.0
0.0
0.0
0.00811850086541
0.0
0.0
0.0
0.0
0.0
0.0
0.0
0.0
0.0
0.0
0.0
0.0
0.00188881928662
0.0
0.0
0.0
0.0
0.0
0.0
0.0
0.0
0.0
0.0
0.0
0.0
0.0
0.0
0.0
0.00186105748099
0.00483913623114
0.00158309160383
0.00575768801622
0.00480664122209
0.00336555473965
0.00257898024098
0.00120693612627
0.0022430635782
0.00515190204776
0.0
0.0
0.0
0.0
0.0
0.0
0.0
0.00179816723348
0.0
0.0
0.0
0.0
0.0
0.0
0.0
0.0
0.0
0.0
0.0
0.0
0.0
0.0
0.0
0.0
0.0
0.0
0.00400523527087
0.0
0.0
0.0
0.0
0.0
0.0
0.0
0.0
0.0
0.0
0.0
0.0
0.0
0.0
0.0
0.0
0.0
0.0
0.0
0.0
0.0
0.0
0.0
0.0
0.0
0.0
0.0
0.0
0.0
0.0
0.0
0.0
0.0
0.0
0.0
0.0
0.0
0.0
0.0
0.0
0.0
0.0
0.0
0.0
0.0
0.0
0.0
0.0
0.0
0.0
0.0
0.0
0.0
0.0
0.0
0.0
0.0
0.0
0.0
0.0
0.0
0.0
0.0
0.0
0.00479143047426
0.0
0.0048881768286
0.0
0.0
0.0
0.0
0.0
0.00329846019203
0.00487298099811
0.0
0.0
0.0
0.0
0.0
0.0
0.0
0.0
0.0
0.0
0.0
0.0
0.0
0.0
0.0
0.0
0.0
0.0
0.0
0.0
0.0
0.0
0.0
0.0
0.00458530484386
0.0
0.0
0.0
0.0
0.0
0.0
0.0
0.0
0.00427393461374
0.0
0.0
0.0
0.0
0.0082026468412
0.0
0.0
0.0
0.0
0.0097966008707
0.00615204047
0.00727783347591
0.00535732254395
0.0071795889002
0.00481981774517
0.00491784002285
0.00308212099199
0.00662791390846
0.0
0.0
0.0
0.0
0.0034836366156
0.0
0.0
0.0
0.0
0.0
0.0
0.0
0.00446030836283
0.0
0.0
0.0
0.00251376799754
0.0
0.0
0.0
0.0
0.0
0.00428837410618
0.0
0.0
0.0
0.0
0.001837675484
0.000426166837966
0.000967837197278
0.00249557890377
0.000426166837966
0.0
0.0
0.0
0.0
0.0
0.0
0.0
0.0
0.0
0.0
0.0
0.0
0.0
0.0
0.0
0.0
0.0
0.0
0.0
0.0021466082369
0.0
0.00336147505584
0.00225731878714
0.0
0.0
0.0
0.0
0.0
0.0
0.0
0.0
0.0
0.0
0.0
0.0
0.0
0.0
0.0
0.0
0.0049917379736
0.0
0.0
0.0
0.00295805217642
0.00209707543829
0.00627726723292
0.0
0.00624830965562
0.0
0.0
0.0
0.0
0.0
0.0
0.0
0.0
0.0
0.0
0.0
0.0
0.0
0.0
0.0
0.0
0.0
0.0
0.0
0.0
0.0
0.0
0.0
0.0
0.0
0.0
0.00295521590574
0.0
0.0
0.0
0.0
0.0
0.0
0.0
0.0
0.0
0.0
0.0
0.0
0.0
0.0
0.0
0.0
0.0
0.0
0.0
0.0
0.0
0.0
0.0
0.0
0.0
0.0
0.0
0.0
0.0
0.00116727387782
0.0
0.0
0.0
0.0
0.0
0.0
0.0
0.0
0.0
0.0
0.0
0.0
0.00256601200287
0.0
0.0
0.0
0.0
0.0
0.0
0.0
0.0
0.0
0.0
0.0
0.0
0.0
0.0
0.0
0.0
0.0
0.0
0.0
0.0
0.0
0.00297590564897
0.0
0.0
0.0
0.0
0.0
0.0
0.0
0.0
0.0
0.0
0.0
0.0
0.0
0.0
0.0
0.0
0.0
0.0
0.00181361068889
0.0
0.0
0.0
0.0
0.0
0.0
0.0
0.0
0.0
0.0
0.0
0.0
0.0
0.0
0.0
0.0
0.0
0.0
0.0
0.0
0.0
0.0
0.0
0.0
0.0
0.0
0.0
0.0
0.0
0.0
0.0
0.0
0.0
0.000795261738244
0.0
0.0
0.0
0.0
0.0025892213722
0.0
0.0
0.0
0.0
0.0
0.0
0.0
0.0
0.0
0.0
0.0
0.0
0.0
0.0
0.0
0.0
0.0
0.0
0.0
0.00317998771297
0.00461622865035
0.0079749358097
0.00437904514312
0.00209247081517
0.000400651771298
0.00249831572743
0.00124575030675
0.0
0.0
0.0
0.0
0.0
0.0
0.0
0.0
0.0
0.0
0.0
0.0
0.0
0.0
0.0
0.0
0.0
0.0
0.0
0.0
0.0
0.0
0.0
0.0
0.0
0.0
0.0
0.000480716257751
0.0
0.0
0.00198758842333
0.00178541482361
0.00137360519136
0.00198758842333
0.00301725093498
0.000852025024222
0.00325630459176
0.000852025024222
0.0
0.0
0.0
0.0
0.0
0.0
0.0
0.0
0.0
0.0
0.0
0.0
0.0
0.0
0.0
0.0
0.0
0.0
0.0
0.0
0.0
0.0
0.0
0.0
0.0
0.0
0.0
0.0
0.0
0.00136163608476
0.0
0.0
0.0
0.0
0.0
0.0
0.000726089421795
0.0
0.0
0.0
0.0
0.0
0.0
0.0
0.00246287911712
0.0
0.0
0.0
0.0
0.0
0.0
0.0
0.0
0.0
0.0
0.0
0.0
0.0
0.000488324261564
0.0
0.0
0.0
0.0
0.0
0.00232828222919
0.0
0.0
0.0
0.0
0.0
0.0
0.0
0.0
0.0
0.0
0.0
0.0
0.0
0.0
0.0
0.0
0.0
0.0
0.0
0.0
0.0
0.0
0.0
0.0
0.0
0.0
0.0
0.0
0.0
0.0
0.0
0.0
0.0
0.0
0.0
0.0
0.0
0.0
0.0
0.0
0.0
0.0
0.0
0.0
0.0
0.0
0.0
0.0
0.0
0.0
0.0
0.0
0.0
0.0
0.0
0.0
0.0
0.0
0.0
0.0
0.0
0.0
0.0
0.0
0.0
0.0
0.0
0.0
0.0
0.0
0.0
0.0
0.0
0.0
0.0
0.0
0.0
0.0
0.0
0.0
0.0
0.0
0.0
0.0
0.0
0.0
0.0
0.0
0.0
0.0
0.0
0.0
0.0
0.0
0.0
0.0
0.0
0.0
0.0
0.0
0.0
0.0
0.0
0.0
0.0
0.0
0.0
0.0
0.0
0.0
0.0
0.0
0.0
0.0
0.0
0.0
0.0
0.0
0.0
0.0
0.0
0.0
0.0
0.0
0.0
0.0
0.0
0.0
0.0
0.0
0.0
0.0
0.0
0.0
0.0
0.0
0.0
0.0
0.0
0.0
0.0
0.0
0.0
0.0
0.0
0.0
0.0
0.0
0.0
0.0
0.0
0.0
0.0
0.0
0.0
0.0
0.0
0.0
0.0
0.0
0.0
0.0
0.0
0.0
0.0
0.0
0.0
0.0
0.0
0.0
0.0
0.0
0.0
0.0
0.0
0.0
0.0
0.0
0.0
0.0
0.0
0.0
0.0
0.0
0.0
0.0
0.0
0.0
0.0
0.0
0.0
0.00153681328872
0.0
0.0
0.0
0.0
0.0
0.0
0.0
0.0
0.0
2.58562800097e-05
0.00206756066401
0.00126764179029
0.0
0.0
0.00113556339911
0.0
0.0
0.0
0.0
0.0
0.0
0.0
0.0
0.0
0.0
0.0
0.0
0.0
0.0
0.0
0.0
0.0
0.0
0.0
0.00142672054584
0.00358504737013
0.00190098636799
0.0014118202524
0.0
0.0
0.0
0.0
0.000503260873321
0.00297103516482
0.00107002554502
0.00147232147238
0.000503260873321
0.0
0.00296281298967
0.0
0.0
0.0
0.0
0.0
0.0
0.0
0.0
0.0
0.0
0.0
0.0
0.0
0.0
0.0
0.0
0.0
0.0
0.0
0.0
0.0
0.0
0.0
0.0
0.0
0.0
0.0
0.0
0.0
0.0
0.0
0.0
0.0
0.0
0.0
0.0
0.0
0.0
0.0
0.0
0.0
0.0
0.0
0.0
0.0
0.0
0.0
0.0
0.0
0.0
0.0
0.0
0.0
0.0
0.0
0.0
0.0
0.0
0.0
0.0
0.0
0.0
0.0
0.000560994808492
0.0
0.0
0.0
0.0
0.0
0.00201399327171
0.0044536128783
0.0
0.0
0.0
0.0
0.0
0.000743948877084
0.0
0.0
0.0
0.0
0.0
0.000559821669047
0.0
0.0
0.0
0.0
0.0
0.0
0.0
0.0
0.0
0.0
0.0
0.0
0.0
0.0
0.0
0.0
0.0
0.0
0.0
0.0
0.0
0.0
0.0
0.0
0.0
0.0
0.0
0.0
0.0
0.0
0.0
0.0
0.0
0.0
0.0
0.0
0.0
0.0
0.0
0.00125522894275
0.0
0.0
0.0
0.0
0.0
0.0
0.0
0.0
0.0
0.0
0.0
0.0
0.0
0.0
0.0
0.0
0.0
0.0
0.0
0.0
0.0
0.0
0.0
0.0
0.0
0.0
0.0
0.0
0.0
0.0
0.0
0.0
0.0
0.000560994808492
0.00323238347836
0.000970818789471
0.0
0.0
0.0
0.0
0.0
0.0
0.0
0.0
0.0
0.0
0.0
0.0
0.0
0.0
0.0
0.0
0.0
0.0
0.0
0.0
0.0
0.0
0.0
0.0
0.0
0.0
0.0
0.0
0.0
0.0
0.0
0.0
0.0
0.0
0.00244232049165
0.0
0.0
0.0
0.0
0.0
0.0
0.0
0.0
0.0
0.0
0.0
0.0
0.0
0.0
0.0
0.0
0.0
0.0
0.0
0.0
0.0
0.0
0.0
0.0
0.0
0.0
0.0
0.0
0.0
0.0
0.0
0.0
0.00137238480429
0.0
0.0
0.00107037389347
0.0
0.0
0.0
0.0
0.0
0.0
0.0
0.0
0.0
0.0
0.0
0.0
0.0
0.0
0.0
0.0
0.0
0.0
0.0
0.0
0.0
0.0
0.0
0.0
0.0
0.0
0.0
0.0
0.0
0.0
0.0
0.0
0.0
0.0
0.0
0.0
0.0
0.00106223810857
0.0
0.0
0.0
0.0
0.0
0.0
0.0
0.0
0.0
0.0
0.0
0.0
0.0
0.0
0.0
0.0
0.0
0.0
0.0
0.0
0.0
0.0
0.00275182321679
0.0
0.0
0.0
0.0
0.0
0.0
0.0
0.0
0.0
0.0
0.0
0.0
0.0
0.0
0.0
0.0
0.0
0.0
0.0
0.0
0.0
0.0
0.0
0.0
0.0
0.0
0.0
0.0
0.000720938187789
0.0
0.0
0.0
0.0
0.0
0.0
0.000286168343683
0.00527248981701
0.00113556339911
0.00338508374623
0.0
0.0
0.0
0.0
0.0
0.0
0.0
0.0
0.0
0.0
0.0
0.0
0.0
0.0
0.0
0.0
0.0
0.0
0.0
0.0
0.0
0.0
0.0
0.0
0.0
0.0
0.0
0.0
0.0
0.0
0.0
0.0
0.0
0.0
0.0
0.0
0.0017664718726
0.0
0.0
0.00310155697884
0.000442091071315
0.0
0.0
0.0
0.00166586115318
0.0
0.0
0.0
0.0
0.0
0.0
0.0
0.0
0.0
0.0
0.0
0.0
0.0
0.0
0.0
0.0
0.0
0.0021195326033
0.0
0.0
0.0
0.0
0.0
0.0
0.0
0.0
0.0
0.0
0.0
0.0
0.0
0.0
0.0
0.0
0.0
0.0
0.0
0.0
0.0
0.0
0.0
0.0
0.0
0.000350293538663
0.0
0.0
0.0
0.0
0.0
0.0
0.0
0.0
0.0
0.0
0.0
0.0
0.0
0.0
0.0
0.0
0.0
0.0
0.0
0.0
0.0
0.0
0.0
0.0
0.0
0.0
0.0
0.0
0.0
0.0
0.0
0.0
0.0
0.0
0.0
0.0
0.0
0.0
0.0
0.0
0.0
0.0
0.0
0.0
0.0
0.0
0.0
0.0
0.0
0.0
0.0
0.0
0.0
0.0
0.0
0.0
0.0
0.0
0.0
0.0
0.0
0.0
0.0
0.0
0.0
0.0
0.0
0.000470690801303
0.0
0.0
0.0
0.0
0.0
0.0
0.0
0.0
0.0
0.0
0.0
0.0
0.0
0.0
0.0
0.0
0.0
0.0
0.0
0.0
0.0
0.0
0.0
0.0
0.0
0.0
0.0
0.0
0.0
0.0
0.0
0.0
0.0
0.0
0.00384444137521
0.0
0.0
0.0
0.0
0.0
0.0
0.0
0.0
0.0
0.0
0.0
0.0
0.0
0.0
0.0
0.0
0.0
0.0
0.0
0.0
0.0
0.0
0.0
0.0
0.0
0.0
0.0
0.0
0.0
0.0
0.0
0.0
0.0
0.0
0.0
0.0
0.0
0.0
0.0
0.0
0.0
0.0
0.0
0.0
0.00248642912213
0.00331498109087
0.0
0.0
0.0
0.0
0.0
0.0
0.0
0.0
0.0
0.0
0.0
0.0
0.0
0.0
0.0
0.0
0.0
0.0
0.0
0.0
0.0
0.0
0.0
0.0
0.0
0.0
0.0
0.0
0.0
0.0
0.0
0.0
0.0
0.0
0.0
0.0
0.0
0.0
0.0
0.0
0.0
0.0
0.0
0.0
0.0
0.0
0.0
0.0
0.0
0.0
0.0
0.0
0.0
0.0
0.0
0.0
0.0
0.0
0.0
0.0
0.0
0.0
0.0
0.0
0.0
0.0
0.0
0.0
0.0
0.0
0.0
0.0
0.0
0.0
0.0
0.0
0.0
0.0
0.0
0.0
0.0
0.0
0.0
0.0
0.0
0.00138307195707
0.0
0.0
0.0
0.000642026509279
0.0
0.0
0.0
0.0
0.0
0.00127625490152
0.0
0.0
0.0
0.0
0.0
0.0
0.0
0.0
0.0
0.0
0.0
0.0
0.0
0.0
0.0
0.0
0.0
0.0
0.0
0.0
0.0
0.0
0.0
0.0
0.00388784963233
0.0
0.0
0.00100824375079
0.00157285668301
0.0
0.0
0.0
0.0
0.0
0.0
0.0
0.0
0.0
0.0
0.0
0.0
0.0
0.0
0.0
0.0
0.0
0.0
0.0
0.0
0.0
0.0
0.0
0.0
0.0
0.0
0.0
0.0
0.0
0.0
0.0
0.0
0.0
0.0
0.0
0.0
0.0
0.0
0.0
0.0
0.0
0.0
0.0
0.0
0.0
0.0
0.0
0.0
0.0
0.0
0.0
0.0
0.0
0.0
0.0
0.0
0.0
0.0
0.0
0.0
0.0
0.0
0.0
0.0
0.0
0.00201661581767
0.0
0.0
0.0
0.0
0.0
0.0
0.0
0.0
0.0
0.0
0.0
0.0
0.0
0.0
0.0
0.0
0.0
0.0
0.0
0.0
0.0
0.0
0.0
0.0
0.0
0.0
0.0
0.0
0.0
0.0
0.0
0.0
0.0
0.0
0.0
0.0
0.0
0.0
0.0
0.0
0.0
0.0
0.0
0.0
0.0
0.0
0.000755264852665
0.0
0.0
0.0
0.0
0.0
0.0
0.0
0.0
0.0
0.0
0.0
0.0
0.0
0.0
0.0
0.0
0.0
0.0
0.0
0.0
0.0
0.0
0.0
0.0
0.0
0.0
0.0
0.0
0.0
0.0
0.0
0.0
0.0
0.000568720899041
0.0
0.0
0.0
0.0
0.0
0.0
0.0
0.0
0.0
0.0
0.0
0.0
0.0
0.0
0.0
0.0
0.0
0.00174831124596
0.0
0.0
0.0
0.0
0.0
0.0
0.0
0.0
0.0
0.0
0.0
0.0
0.0
0.0
0.0
0.0
0.0
0.0
0.0
0.0
0.0
0.0
0.0
0.0
0.0
0.0
0.0
0.0
0.0
0.0
0.0
0.0
0.0
0.0
0.0
0.0
0.0
0.0
0.0
0.0
0.0
0.0
0.0
0.0
0.0
0.00346226099713
0.0
0.0
0.0
0.0
0.0
0.0
0.0
0.0
0.0
0.00022897678352
0.0
0.0
0.0
0.0
0.0
0.0
0.0
0.0
0.0
0.0
0.0
0.0
0.0
0.0
0.0
0.0
0.0
0.0
0.0
0.0
0.0
0.0
0.0
0.0
0.0
0.0
0.0
0.0
0.0
0.00139993513354
0.0
0.0
0.0
0.0
0.0
0.0
0.0
0.0
0.0
0.0
0.0
0.0
0.0
0.00208292997066
0.0046145168533
0.0
0.0
0.000411728772966
0.001660552414
0.00181320789007
0.0
0.0
0.0
0.0
0.0
0.0
0.00170969547128
0.0
0.0
0.0
0.0
0.0
0.0
0.0
0.0
0.0
0.0
0.0
0.0
0.0
0.0
0.0
0.0
0.0
0.0
0.0
0.0
0.0
0.0
0.0
0.0
0.0
0.0
0.0
0.0
0.0
0.0
0.0
0.0
0.0
0.0
0.0
0.0
0.0
0.0
0.0
0.0
0.0
0.0
0.0
0.0
0.0
0.000552639726227
0.0
0.0
0.0
0.0
0.0
0.0
0.0
0.0
0.0
0.0
0.00133221089239
0.00133221089239
0.00311990790831
0.0
0.0
0.0
0.0
0.0
0.0
0.0
0.0
0.0
0.0
0.0
0.0
0.0
0.0
0.000450252243432
0.000889122412573
0.0
0.0
0.0
0.0
0.0
0.0
0.0
0.0
0.0
0.000969060599064
0.0
0.0
0.0
0.0
0.0
0.0
0.0
0.0
0.0
0.0
0.0
0.0
0.0
0.0
0.0
0.0
0.0
0.0
0.0
0.0
0.0
0.0
0.0
0.0
0.0
0.0
0.0
0.0
0.0
0.0
0.0
0.0
0.0
0.0
0.0
0.0
0.00345477188638
0.0
0.0
0.0
0.0
0.0
0.0
0.0
0.00122589523557
0.00303805609722
0.00214246984553
0.0
0.0
0.0
0.0
0.0
0.0
0.0
0.0
0.0
0.00302240194878
0.0
0.0
0.0
0.0
0.0
0.0
0.0
0.0
0.0
0.0
0.0
0.0
0.0
0.0016073534657
0.0
0.0
0.0
0.0
0.0
0.0
0.0
0.0
0.0
0.0
0.0
0.0
0.0
0.0
0.0
0.0
0.0
0.0
0.0
0.0
0.0
0.0
0.0
0.0
0.0
0.0
0.0
0.0
0.0
0.0
0.0
0.0
0.0
0.0
0.0
0.0
0.0
0.0
0.0
0.0
0.0
0.0
0.0
0.0
0.0
0.0
0.0
0.0
0.0
0.0
0.0
0.0
0.0
0.0
0.0
0.0
0.0
0.0
0.0
0.0
0.0
0.0
0.0
0.0
0.0
0.0
0.0
0.0
0.0
0.0
0.0
0.0
0.0
0.0
0.0
0.0
0.0
0.0
0.0
0.0
0.0
0.0
0.0
0.0
0.0
0.0
0.0
0.0
0.0
0.0
0.0
0.0
0.0
0.0
0.0
0.0
0.0
0.0
0.0
0.0
0.0
0.0
0.0
0.0
0.0
0.0
0.0
0.0
0.0
0.00243292717661
0.00331926666582
0.0
0.0
0.0
0.0
0.0
0.0
0.0
0.0
0.0
0.0
0.0
0.0
0.0
0.0
0.0
0.0
0.0
0.0
0.0
0.0
0.0
0.0
0.0
0.0
0.0
0.0
0.0
0.0
0.0
0.0
0.0
0.0
0.0
0.0
0.0
0.0
0.0
0.0
0.0
0.0
0.0
0.0
0.0
0.0
0.00212638312424
0.0
0.0
0.0
0.0
0.0
0.0
0.0
0.0
0.0
0.0
0.0
0.0
0.0
0.0
0.0
0.0
0.0
0.0
0.0
0.0
0.0
0.0
0.0
0.0
0.0
0.0
0.0
0.0
0.0
0.0
0.0
0.0
0.0
0.0
0.0
0.0
0.0
0.0
0.0
0.0
0.0
0.0
0.0
0.0
0.0
0.0
0.0
0.0
0.0
0.0
0.0
0.0
0.0
0.0
0.0
0.0
0.0
0.0
0.0
0.0
0.0
0.0
0.0
0.0
0.0
0.000478090413656
0.0
0.0
0.0
0.0
0.0
0.0
0.0
0.0
0.0
0.0
0.0
0.0
0.00229329355654
0.000119009113652
0.000479076686454
0.0
0.0
0.0
0.0
0.0
0.0
0.0
0.0
0.0
0.0
0.0
0.0
0.0
0.0
0.0
0.0
0.0
0.0
0.0
0.0
0.0
0.0
0.0
0.0
0.0
0.0
0.0
0.0
0.0
0.0
0.0
0.0
0.0
0.0
0.0
0.0
0.0
0.0
0.0
0.0
0.0
0.0
0.0
0.0
0.0
0.0
0.0
0.0
0.0
0.0
0.0
0.0
0.0
0.0
0.0
0.0
0.0
0.0
0.0
0.0
0.0
0.0
0.0
0.0
0.0
0.0
0.0
0.0
0.0
0.0
0.0
0.0
0.0
0.0
0.0
0.0
0.0
0.0
0.0
0.0023356206209
0.00121944691819
0.0
0.000726089421795
0.00205243434379
0.0
0.0
0.0
0.0
0.0009329725194
0.00156054290227
0.0
0.0
0.0
0.0
0.0
0.00069975568023
0.0
0.0
0.0
0.0
0.0
0.0
0.0
0.0
0.0
0.0
0.0
0.0
0.0
0.0
0.0
0.0
0.0
0.0
0.0
0.0
0.0
0.00078809225935
0.0
0.0
0.0
0.0
0.0
0.0
0.0
0.0
0.0
0.0
0.0
0.0
0.0
0.0
0.0
0.0
0.0
0.0
0.0
0.0
0.0
0.0
0.0
0.0
0.0
0.0
0.0
0.0
0.0
0.0
0.0
0.0
0.0
0.0
0.0
0.0
0.0
0.0
0.0
0.0
0.0
0.0
0.0
0.0
0.0
0.0
0.0
0.0
0.0
0.0
0.0
0.0
0.0
0.0
0.0
0.0
0.0
0.0
0.0
0.0
0.0
0.0
0.0
0.0
0.0
0.0
0.0
0.0
0.0
0.0
0.0
0.0
0.0
0.0
0.0
0.00138636611138
0.0
0.0
0.000751187423921
0.0
0.0
0.0
0.0
0.0
0.0
0.0
0.0
0.0
0.0
0.0
0.0
0.0
0.0
0.0
0.0
0.0
0.0
0.0
0.0
0.0
0.0
0.0
0.0
0.0
0.0
0.0
0.0
0.0
0.0
0.0
0.0
0.0
0.0
0.0
0.0
0.0
0.0
0.0
0.0
0.0
0.0
0.0
0.0
0.0
0.0
0.0
0.0
0.0
0.0
0.0
0.0
0.0
0.0
0.0
0.0
0.0
0.0
0.0
0.0
0.0
0.0
0.0
0.0
0.0
0.0
0.0
0.0
0.0
0.0
0.0
0.0
0.0
0.0
0.0
0.0
0.0
0.0
0.0
0.0
0.0
0.0
0.0
0.0
0.0
0.0
0.0
0.0
0.0
0.0
0.0
0.0
0.0
0.0
0.0
0.0
0.0
0.0
0.0
0.0
0.0
0.0
0.0
0.0
0.0
0.0
0.0
0.0
0.0
0.0
0.0
0.0
0.0
0.0
0.0
0.0
0.0
0.0
0.0
0.0
0.0
0.0
0.0
0.0
0.0
0.0
0.0
0.0
0.0
0.0
0.0
0.0
0.0
0.0
0.0
0.0
0.0
0.0
0.0
0.0
0.0
0.0
0.0
0.0
0.0
0.00146817689951
0.0
0.0
0.0
0.0
0.0
0.0
0.0
0.0
0.0
0.0
0.0
0.0
0.0
0.0
0.0
0.0
0.0
0.0
0.0
0.0
0.0
0.0
0.0
0.0
0.0
0.0
0.0
0.0
0.0
0.0
0.0
0.0
0.0
0.0
0.0
0.0
0.0
0.0
0.0
0.0
0.0
0.0
0.0
0.0
0.0
0.0
0.0
0.0
0.0
0.0
0.0
0.0
0.0
0.0
0.0
0.0
0.0
0.0
0.0
0.0
0.0
0.0
0.0
0.0
0.0
0.0
0.0
0.000993191546856
0.0
0.0
0.0
0.0
0.0
0.0
0.0
0.0
0.0
0.0
0.0
0.0
0.0
0.0
0.0
0.0
0.0
0.0
0.0
0.0
0.0
0.000520479977384
0.0
0.0
0.0
0.0
0.0
0.0
0.0
0.0
0.0
0.0
0.0
0.0
0.0
0.0
0.0
0.0
0.0
0.0
0.0
0.0
0.0
0.0
0.0
0.0
0.0
0.0
0.0
0.0
0.0
0.0
0.0
0.0
0.0
0.0
0.0
0.0
0.0
0.0
0.0
0.0
0.0
0.0
0.0
0.0
0.0
0.0
0.000831227392587
0.0
0.0
0.0
0.0
0.0
0.0
0.0
0.0
0.0
0.0
0.0
0.0
0.0
0.0
0.0
0.0
0.0
0.0
0.0
0.0
0.0
0.0
0.0
0.0
0.0
0.000552639726227
0.0
0.0
0.0
0.0
0.0
0.0
0.0
0.0
0.0
0.0
0.0
0.0
0.0
0.0
0.0
0.0
0.0
0.0
0.0
0.0
0.0
0.0
0.000275181178494
0.0
0.0
0.0
0.0
0.0
0.0
0.0
0.0
0.0
0.0
0.0
0.0
0.0
0.0
0.0
0.0
0.0
0.0
0.0
0.0
0.0
0.0
0.0
0.0
0.0
0.0
0.0
0.0
0.0
0.0
0.0
0.0
0.0
0.0
0.0
0.0
0.0
0.0
0.0
0.0
0.0
0.0
0.0
0.0
0.0
0.0
0.0
0.0
0.0
0.0
0.0
0.0
0.0
0.0
0.0
0.0
0.0
0.0
0.0
0.0
0.0
0.0
0.0
0.0
0.0
0.0
0.0
0.0
0.0
0.0
0.0
0.0
0.0
0.0
0.0
0.0
0.0
0.0
0.0
0.0
0.0
0.0
0.0
0.0
0.0
0.0
0.0
0.0
0.0
0.0
0.0
0.0
0.0
0.0
0.0
0.0
0.0
0.0
0.0
0.0
0.0
0.0
0.0
0.0
0.0
0.0
0.0
0.0
0.0
0.0
0.0
0.0
0.0
8.68878048848e-05
0.0
0.0
0.0
0.0
0.0
0.0
0.0
0.0
0.0
0.0
0.0
0.0
0.0
0.0
0.0
0.0
0.0
0.0
0.0
0.0
0.0
0.0
0.0
0.0
0.0
0.0
0.0
0.0
0.0
0.0
0.0
0.0
0.0
0.0
0.0
0.0
0.0
0.0
0.0
0.0
0.0
0.0
0.0
0.0
0.0
0.0
0.0
0.0
0.0
0.0
0.0
0.0
0.0
0.0
0.0
0.0
0.0
0.0
0.0
0.0
0.0
0.0
0.0
0.0
0.0
0.0
0.0
0.0
0.0
0.0
0.0
0.0
0.0
0.0
0.0
0.0
0.0
0.0
0.0
0.0
0.0
0.0
0.0
0.0
0.0
0.0
0.0
0.0
0.0
0.0
0.0
0.0
0.0
0.0
0.0
0.0
2.72039892152e-05
2.72039892152e-05
0.000436016425086
0.000858431381803
0.0
0.0
0.0
0.0
0.0
0.0
0.0
0.0
0.0
0.0
0.0
0.0
0.0
0.0
0.0
0.0
0.0
0.0
0.0
0.0
0.0
0.0
0.0
0.0
0.0
0.0
0.0
0.0
0.0
0.0
0.0
0.0
0.0
0.0
0.0
0.0
0.0
0.0
0.0
0.0
0.0
0.0
0.0
0.0
0.0
0.0
0.0
0.0
0.0
0.0
0.0
0.0
0.0
0.0
0.0
0.0
0.0
0.0
0.0
0.0
0.0
0.0
0.0
0.0
0.0
0.0
0.0
0.0
0.0
0.0
0.0
0.0
0.0
0.0
0.0
0.0
0.0
0.0
0.0
0.0
0.0
0.0
0.0
0.0
0.0
0.0
0.0
0.0
0.0
0.0
0.0
0.0
0.0
0.0
0.0
0.0
0.0
0.0
0.0
0.0
0.0
0.0
0.0
0.0
0.0
0.0
0.0
0.0
0.0
0.0
0.0
0.0
0.0
0.0
0.0
0.0
0.0
0.0
0.0
0.0
0.0
0.0
0.0
0.0
0.0
0.0
0.0
0.0
0.0
0.0
0.0
0.0
0.0
0.0
0.0
0.0
0.0
0.0
0.0
0.0
0.0
0.0
0.0
0.0
0.0
0.0
0.0
0.0
0.0
0.0
0.0
0.0
0.0
0.0
0.0
0.0
0.0
0.0
0.0
0.0
0.0
0.0
0.0
0.0
0.0
0.0
0.0
0.0
0.0
0.0
0.0
0.0
0.0
0.0
0.0
0.0
0.0
0.0
0.0
0.0
0.0
0.0
0.0
0.0
0.0
0.0
0.0
0.0
0.0
0.0
0.0
0.0
0.0
0.0
0.0
0.0
0.0
0.0
0.0
0.0
0.0
0.0
0.0
0.0
0.0
0.0
0.0
0.0
0.0
0.0
0.0
0.0
0.0
0.0
0.0
0.0
0.0
0.0
0.0
0.0
0.0
0.0
0.0
0.0
0.0
0.0
0.0
0.0
0.0
0.0
0.0
0.0
0.0
0.0
0.0
0.0
0.0
0.0
0.0
0.0
0.0
0.0
0.0
0.0
0.0
0.0
0.0
0.0
0.0
0.0
0.0
0.0
0.0
0.0
0.0
0.0
0.0
0.0
0.0
0.0
0.0
0.0
0.0
0.0
0.0
0.0
0.0
0.0
0.0
0.0
0.0
0.0
0.0
0.0
0.0
0.0
0.0
0.0
0.0
0.0
0.0
0.0
0.0
0.0
0.0
0.0
0.0
0.0
0.0
0.0
0.0
0.0
0.0
0.0
0.0
0.0
0.0
0.0
0.0
0.0
0.0
0.0
0.0
0.0
0.0
0.0
0.0
0.0
0.0
0.0
0.0
0.0
0.0
0.0
0.0
0.0
0.0
0.0
0.0
0.0
0.0
0.0
0.0
0.0
0.0
0.0
0.0
0.0
0.0
0.0
0.0
0.0
0.0
0.0
0.0
0.0
0.0
0.0
0.0
0.0
0.0
0.0
0.0
0.0
0.0
0.0
0.0
0.0
0.0
0.0
0.0
0.0
0.0
0.0
0.0
0.0
0.0
0.0
0.0
0.0
0.0
0.0
0.0
0.0
0.0
0.0
0.0
0.0
0.0
0.0
0.0
0.0
0.0
0.0
0.0
0.0
0.0
0.0
0.0
0.0
0.0
0.0
0.0
0.0
0.0
0.0
0.0
0.0
0.0
0.0
0.0
0.0
0.0
0.0
0.0
0.0
0.0
0.0
0.0
0.0
7.65266323038e-05
0.0
0.0
0.0
0.0
0.0
0.0
0.0
0.0
0.0
0.0
0.0
0.0
0.0
0.0
0.0
0.0
0.0
0.0
0.0
0.0
0.0
0.0
0.0
0.0
0.0
0.0
0.0
0.0
0.0
0.0
0.0
0.0
0.0
0.0
0.0
0.0
0.0
0.0
0.0
0.0
0.0
0.0
0.0
0.0
0.0
0.0
0.0
0.0
0.0
0.0
0.0
0.0
0.0
0.0
0.0
0.0
0.0
0.0
0.0
0.0
0.0
0.0
0.0
0.0
0.0
0.0
0.0
0.0
0.0
0.0
0.0
0.0
0.0
0.0
0.0
0.0
0.0
0.0
0.0
0.0
0.0
0.0
0.0
0.0
0.0
0.0
0.0
0.0
0.0
0.0
0.0
0.0
0.0
0.0
0.0
0.0
0.0
0.0
0.0
0.0
0.0
0.0
0.0
0.0
0.0
0.0
0.0
0.0
0.0
0.0
0.0
0.0
0.0
0.0
0.0
0.0
0.0
0.0
0.0
0.0
0.0
0.0
0.0
0.0
0.0
0.0
0.0
0.0
0.0
0.0
0.0
0.0
0.0
0.0
0.0
0.0
0.0
0.0
0.0
0.0
0.0
0.0
0.0
0.0
0.0
0.0
0.0
0.0
0.0
0.0
0.0
0.0
0.0
0.0
0.0
0.0
0.0
0.0
0.0
0.0
0.0
0.0
0.0
0.0
0.0
0.0
0.0
0.0
0.0
0.0
0.0
0.0
0.0
0.0
0.0
0.0
0.0
0.0
0.0
0.0
0.0
0.0
0.0
0.0
0.0
0.0
0.0
0.0
0.0
0.0
0.0
0.0
0.0
0.0
0.0
0.0
0.0
0.0
0.0
0.0
0.0
0.0
0.0
0.0
0.0
0.0
0.0
0.0
0.0
0.0
0.0
0.0
0.0
0.0
0.0
0.0
0.0
0.0
0.0
0.0
0.0
0.0
0.0
0.0
0.0
0.0
0.0
0.0
0.0
0.0
0.0
0.0
0.0
0.0
0.0
0.0
0.0
0.0
0.0
0.0
0.0
0.0
0.0
0.0
0.0
0.0
0.0
0.0
0.0
0.0
0.0
0.0
0.0
0.0
0.0
0.0
0.0
0.0
0.0
0.0
0.0
0.0
0.0
0.0
0.0
0.0
0.0
0.0
0.0
0.0
0.0
0.0
0.0
0.0
0.0
0.0
0.0
0.0
0.0
0.0
0.0
0.0
0.0
0.0
0.0
0.0
0.0
0.0
0.0
0.0
0.0
0.0
0.0
0.0
0.0
0.0
0.0
0.0
0.0
0.0
0.0
0.0
0.0
0.0
0.0
0.0
0.0
0.0
0.0
0.0
0.0
0.0
0.0
0.0
0.0
0.0
0.0
0.0
0.0
0.0
0.0
0.0
0.0
0.0
0.0
0.0
0.0
0.0
0.0
0.0
0.0
0.0
0.0
0.0
0.0
0.0
0.0
0.0
0.0
0.0
0.0
0.0
0.0
0.0
0.0
0.0
0.0
0.0
0.0
0.0
0.0
0.0
0.0
0.0
0.0
0.0
0.0
0.0
0.0
0.0
0.0
0.0
0.0
0.0
0.0
0.0
