0.665354884048
0.0109627547435
0.00632466619817
0.0071679550246
0.00562192550949
0.00758959943781
0.00590302178496
0.00618411806044
0.00548137737175
0.00534082923401
0.00618411806044
0.00618411806044
0.00618411806044
0.00618411806044
0.0049191848208
0.00477863668306
0.00337315530569
0.0049191848208
0.00505973295854
0.00267041461701
0.0037947997189
0.00407589599438
0.00534082923401
0.00267041461701
0.00421644413212
0.00309205903022
0.00365425158117
0.00295151089248
0.00393534785664
0.00421644413212
0.0037947997189
0.00365425158117
0.00267041461701
0.00393534785664
0.00463808854533
0.00309205903022
0.00140548137737
0.00309205903022
0.00421644413212
0.00393534785664
0.00323260716796
0.00281096275474
0.00323260716796
0.00407589599438
0.00281096275474
0.00295151089248
0.00407589599438
0.00435699226985
0.00421644413212
0.00337315530569
0.00337315530569
0.00365425158117
0.00267041461701
0.00365425158117
0.00393534785664
0.00267041461701
0.00238931834153
0.00407589599438
0.00295151089248
0.00252986647927
0.00323260716796
0.00295151089248
0.00168657765285
0.00295151089248
0.00309205903022
0.00267041461701
0.00168657765285
0.00196767392832
0.0011243851019
0.00196767392832
0.0011243851019
0.00210822206606
0.00182712579058
0.00168657765285
0.00267041461701
0.00126493323963
0.000843288826423
0.00196767392832
0.00140548137737
0.00154602951511
0.00098383696416
0.00196767392832
0.00196767392832
0.0011243851019
0.000702740688686
0.0011243851019
0.000421644413212
0.000843288826423
0.00154602951511
0.00098383696416
0.00154602951511
0.000281096275474
0.000562192550949
0.0011243851019
0.000843288826423
0.000843288826423
0.000140548137737
0.0011243851019
0.0
0.000702740688686
0.000843288826423
0.00140548137737
0.000140548137737
0.000140548137737
0.00098383696416
0.00098383696416
0.000281096275474
0.000702740688686
0.000421644413212
0.000421644413212
0.000702740688686
0.000281096275474
0.000140548137737
0.000421644413212
0.000140548137737
0.000562192550949
0.000421644413212
0.000843288826423
0.000421644413212
0.0
0.0
0.000140548137737
0.000421644413212
0.000140548137737
0.000281096275474
0.0
0.000281096275474
0.000281096275474
0.000421644413212
0.000140548137737
0.000281096275474
0.000281096275474
0.000140548137737
0.000281096275474
0.000281096275474
0.000421644413212
0.000421644413212
0.000140548137737
0.0
0.000140548137737
0.000281096275474
0.000281096275474
0.0
0.0
0.000281096275474
0.000421644413212
0.000140548137737
0.000140548137737
0.000140548137737
0.000562192550949
0.0
0.000140548137737
0.0
0.000281096275474
0.000140548137737
0.000140548137737
0.0
0.0
0.000281096275474
0.0
0.000140548137737
0.0
0.000562192550949
0.0
0.000281096275474
0.000281096275474
0.0
0.000140548137737
0.0
0.0
0.000140548137737
0.0
0.0
0.000140548137737
0.0
0.000281096275474
0.0
0.0
0.000140548137737
0.0
0.0
0.000421644413212
0.0
0.0
0.0
0.0
0.000281096275474
0.0
0.000140548137737
0.000140548137737
0.000140548137737
0.000140548137737
0.000281096275474
0.000281096275474
0.0
0.000281096275474
0.0
0.000140548137737
0.0
0.0
0.0
0.0
0.0
0.000140548137737
0.0
0.0
0.0
0.0
0.000140548137737
0.0
0.0
0.0
0.0
0.000140548137737
0.0
0.0
0.0
0.000140548137737
0.0
0.000140548137737
0.0
0.0
0.0
0.000140548137737
0.0
0.0
0.0
0.0
0.000140548137737
0.0
0.0
0.000140548137737
0.000140548137737
0.0
0.0
0.0
0.0
0.0
0.0
0.0
0.0
0.0
0.0
0.0
0.000140548137737
0.000140548137737
0.0
0.0
0.0
0.0
0.0
0.0
0.0
0.0
0.000140548137737
0.0
0.0
0.0
0.0
0.000140548137737
0.0
0.0
0.0
0.0
0.000140548137737
0.000140548137737
0.000140548137737
0.0
0.0
0.0
0.0
0.0
0.000140548137737
0.0
0.000140548137737
0.0
0.0
0.0
0.0
0.0
0.0
0.0
0.0
0.0
0.0
0.0
0.0
0.0
0.0
0.0
0.0
0.0
0.0
0.0
0.0
0.0
0.0
0.0
0.0
0.0
0.0
0.0
0.0
0.0
0.0
0.0
0.0
0.0
0.0
0.000140548137737
0.0
0.0
0.0
0.0
0.0
0.0
0.0
0.0
0.0
0.0
0.0
0.0
0.0
0.0
0.0
0.0
0.0
0.0
0.0
0.0
0.0
0.000140548137737
0.0
0.0
0.0
0.0
0.0
0.0
0.0
0.0
0.000140548137737
0.0
0.0
0.0
0.0
0.0
0.0
0.0
0.0
0.0
0.0
0.0
0.0
0.0
0.0
0.0
0.0
0.0
0.0
0.0
0.0
0.000140548137737
0.0
0.0
0.0
0.0
0.0
0.0
0.0
0.0
0.0
0.0
0.0
0.0
0.0
0.0
0.0
0.0
0.0
0.0
0.0
0.0
0.0
0.0
0.0
0.0
0.0
0.0
0.0
0.0
0.0
0.0
0.0
0.0
0.0
0.0
0.0
0.0
0.0
0.0
0.0
0.0
0.0
0.0
0.0
0.0
0.0
0.0
0.0
0.0
0.0
0.0
0.0
0.0
0.0
0.0
0.0
0.0
0.0
0.0
0.0
0.0
0.0
0.0
0.0
0.0
0.0
0.0
0.0
0.0
0.0
0.0
0.0
0.0
0.0
0.0
0.0
0.0
0.0
0.0
0.0
0.0
0.0
0.0
0.0
0.0
0.0
0.0
0.0
0.0
0.0
0.0
0.0
0.0
0.0
0.0
0.0
0.000140548137737
