% sym positive
1 2  1 126230461
2 1  1 126230461
3 4  1 757382461
3 5  1 757382461
4 3  1 757382461
4 5  1 757382461
5 3  1 757382461
5 4  1 757382461
6 7  1 1293840061
6 8  1 1293840061
6 9  1 1293840061
7 6  1 1293840061
7 8  1 1293840061
7 9  1 1293840061
8 6  1 1293840061
8 7  1 1293840061
8 9  1 1293840061
9 6  1 1293840061
9 7  1 1293840061
9 8  1 1293840061
7 10  1 1325376061
7 11  1 1325376061
7 12  1 1325376061
7 13  1 1325376061
7 6  1 1325376061
7 14  1 1325376061
10 7  1 1325376061
10 11  1 1325376061
10 12  1 1325376061
10 13  1 1325376061
10 6  1 1325376061
10 14  1 1325376061
11 7  1 1325376061
11 10  1 1325376061
11 12  1 1325376061
11 13  1 1325376061
11 6  1 1325376061
11 14  1 1325376061
12 7  1 1325376061
12 10  1 1325376061
12 11  1 1325376061
12 13  1 1325376061
12 6  1 1325376061
12 14  1 1325376061
13 7  1 1325376061
13 10  1 1325376061
13 11  1 1325376061
13 12  1 1325376061
13 6  1 1325376061
13 14  1 1325376061
6 7  1 1325376061
6 10  1 1325376061
6 11  1 1325376061
6 12  1 1325376061
6 13  1 1325376061
6 14  1 1325376061
14 7  1 1325376061
14 10  1 1325376061
14 11  1 1325376061
14 12  1 1325376061
14 13  1 1325376061
14 6  1 1325376061
15 16  1 757382461
16 15  1 757382461
15 17  1 852076861
15 16  1 852076861
17 15  1 852076861
17 16  1 852076861
16 15  1 852076861
16 17  1 852076861
18 19  1 757382461
19 18  1 757382461
20 21  1 820454461
21 20  1 820454461
22 23  1 978307261
23 22  1 978307261
24 25  1 1072915261
24 26  1 1072915261
24 27  1 1072915261
25 24  1 1072915261
25 26  1 1072915261
25 27  1 1072915261
26 24  1 1072915261
26 25  1 1072915261
26 27  1 1072915261
27 24  1 1072915261
27 25  1 1072915261
27 26  1 1072915261
18 28  1 820454461
28 18  1 820454461
29 30  1 946684861
30 29  1 946684861
18 31  1 883612861
31 18  1 883612861
32 33  1 915148861
32 34  1 915148861
33 32  1 915148861
33 34  1 915148861
34 32  1 915148861
34 33  1 915148861
35 36  1 1009843261
36 35  1 1009843261
33 37  1 852076861
37 33  1 852076861
21 20  1 946684861
21 38  1 946684861
21 39  1 946684861
20 21  1 946684861
20 38  1 946684861
20 39  1 946684861
38 21  1 946684861
38 20  1 946684861
38 39  1 946684861
39 21  1 946684861
39 20  1 946684861
39 38  1 946684861
20 21  1 852076861
21 20  1 852076861
18 19  1 820454461
19 18  1 820454461
40 41  1 694224061
41 40  1 694224061
18 31  1 978307261
18 42  1 978307261
31 18  1 978307261
31 42  1 978307261
42 18  1 978307261
42 31  1 978307261
43 44  1 757382461
44 43  1 757382461
18 19  1 883612861
19 18  1 883612861
15 16  1 725846461
16 15  1 725846461
45 21  1 820454461
21 45  1 820454461
40 46  1 694224061
46 40  1 694224061
47 48  1 788918461
48 47  1 788918461
49 18  1 694224061
18 49  1 694224061
20 21  1 978307261
21 20  1 978307261
18 31  1 883612861
18 50  1 883612861
18 42  1 883612861
31 18  1 883612861
31 50  1 883612861
31 42  1 883612861
50 18  1 883612861
50 31  1 883612861
50 42  1 883612861
42 18  1 883612861
42 31  1 883612861
42 50  1 883612861
20 21  1 978307261
21 20  1 978307261
51 52  1 694224061
51 53  1 694224061
51 54  1 694224061
51 55  1 694224061
52 51  1 694224061
52 53  1 694224061
52 54  1 694224061
52 55  1 694224061
53 51  1 694224061
53 52  1 694224061
53 54  1 694224061
53 55  1 694224061
54 51  1 694224061
54 52  1 694224061
54 53  1 694224061
54 55  1 694224061
55 51  1 694224061
55 52  1 694224061
55 53  1 694224061
55 54  1 694224061
56 48  1 788918461
48 56  1 788918461
57 18  1 757382461
57 19  1 757382461
18 57  1 757382461
18 19  1 757382461
19 57  1 757382461
19 18  1 757382461
58 59  1 915148861
58 48  1 915148861
59 58  1 915148861
59 48  1 915148861
48 58  1 915148861
48 59  1 915148861
31 60  1 915148861
31 18  1 915148861
60 31  1 915148861
60 18  1 915148861
18 31  1 915148861
18 60  1 915148861
18 31  1 978307261
31 18  1 978307261
61 62  1 820454461
62 61  1 820454461
63 64  1 788918461
63 65  1 788918461
64 63  1 788918461
64 65  1 788918461
65 63  1 788918461
65 64  1 788918461
43 66  1 694224061
66 43  1 694224061
67 18  1 1072915261
18 67  1 1072915261
57 18  1 757382461
57 19  1 757382461
18 57  1 757382461
18 19  1 757382461
19 57  1 757382461
19 18  1 757382461
68 33  1 978307261
33 68  1 978307261
69 70  1 757382461
70 69  1 757382461
18 50  1 915148861
50 18  1 915148861
20 21  1 820454461
21 20  1 820454461
71 48  1 788918461
48 71  1 788918461
22 23  1 1009843261
23 22  1 1009843261
72 73  1 1009843261
73 72  1 1009843261
74 43  1 788918461
43 74  1 788918461
18 75  1 1041379261
75 18  1 1041379261
76 77  1 788918461
77 76  1 788918461
78 79  1 883612861
78 18  1 883612861
78 31  1 883612861
78 19  1 883612861
78 50  1 883612861
79 78  1 883612861
79 18  1 883612861
79 31  1 883612861
79 19  1 883612861
79 50  1 883612861
18 78  1 883612861
18 79  1 883612861
18 31  1 883612861
18 19  1 883612861
18 50  1 883612861
31 78  1 883612861
31 79  1 883612861
31 18  1 883612861
31 19  1 883612861
31 50  1 883612861
19 78  1 883612861
19 79  1 883612861
19 18  1 883612861
19 31  1 883612861
19 50  1 883612861
50 78  1 883612861
50 79  1 883612861
50 18  1 883612861
50 31  1 883612861
50 19  1 883612861
80 81  1 883612861
81 80  1 883612861
63 65  1 788918461
65 63  1 788918461
82 40  1 694224061
82 41  1 694224061
40 82  1 694224061
40 41  1 694224061
41 82  1 694224061
41 40  1 694224061
83 84  1 915148861
83 85  1 915148861
83 86  1 915148861
84 83  1 915148861
84 85  1 915148861
84 86  1 915148861
85 83  1 915148861
85 84  1 915148861
85 86  1 915148861
86 83  1 915148861
86 84  1 915148861
86 85  1 915148861
18 19  1 852076861
18 87  1 852076861
19 18  1 852076861
19 87  1 852076861
87 18  1 852076861
87 19  1 852076861
18 31  1 978307261
18 75  1 978307261
31 18  1 978307261
31 75  1 978307261
75 18  1 978307261
75 31  1 978307261
60 31  1 915148861
31 60  1 915148861
43 44  1 757382461
43 88  1 757382461
44 43  1 757382461
44 88  1 757382461
88 43  1 757382461
88 44  1 757382461
89 33  1 1009843261
33 89  1 1009843261
57 18  1 788918461
57 19  1 788918461
18 57  1 788918461
18 19  1 788918461
19 57  1 788918461
19 18  1 788918461
18 42  1 883612861
42 18  1 883612861
43 44  1 725846461
44 43  1 725846461
90 18  1 1041379261
18 90  1 1041379261
91 18  1 1009843261
18 91  1 1009843261
76 92  1 694224061
76 18  1 694224061
76 93  1 694224061
92 76  1 694224061
92 18  1 694224061
92 93  1 694224061
18 76  1 694224061
18 92  1 694224061
18 93  1 694224061
93 76  1 694224061
93 92  1 694224061
93 18  1 694224061
43 44  1 820454461
44 43  1 820454461
18 50  1 978307261
50 18  1 978307261
94 70  1 820454461
94 95  1 820454461
70 94  1 820454461
70 95  1 820454461
95 94  1 820454461
95 70  1 820454461
26 96  1 1136073661
26 27  1 1136073661
26 97  1 1136073661
96 26  1 1136073661
96 27  1 1136073661
96 97  1 1136073661
27 26  1 1136073661
27 96  1 1136073661
27 97  1 1136073661
97 26  1 1136073661
97 96  1 1136073661
97 27  1 1136073661
59 48  1 946684861
48 59  1 946684861
30 48  1 946684861
48 30  1 946684861
74 43  1 820454461
74 98  1 820454461
43 74  1 820454461
43 98  1 820454461
98 74  1 820454461
98 43  1 820454461
18 28  1 883612861
28 18  1 883612861
99 100  1 1136073661
99 33  1 1136073661
100 99  1 1136073661
100 33  1 1136073661
33 99  1 1136073661
33 100  1 1136073661
101 43  1 820454461
43 101  1 820454461
43 44  1 852076861
44 43  1 852076861
72 73  1 1009843261
73 72  1 1009843261
61 62  1 820454461
62 61  1 820454461
102 103  1 820454461
102 104  1 820454461
102 105  1 820454461
103 102  1 820454461
103 104  1 820454461
103 105  1 820454461
104 102  1 820454461
104 103  1 820454461
104 105  1 820454461
105 102  1 820454461
105 103  1 820454461
105 104  1 820454461
106 43  1 820454461
43 106  1 820454461
76 107  1 788918461
76 108  1 788918461
107 76  1 788918461
107 108  1 788918461
108 76  1 788918461
108 107  1 788918461
109 36  1 1009843261
109 110  1 1009843261
36 109  1 1009843261
36 110  1 1009843261
110 109  1 1009843261
110 36  1 1009843261
43 44  1 725846461
43 111  1 725846461
44 43  1 725846461
44 111  1 725846461
111 43  1 725846461
111 44  1 725846461
85 84  1 946684861
85 83  1 946684861
84 85  1 946684861
84 83  1 946684861
83 85  1 946684861
83 84  1 946684861
112 76  1 883612861
112 113  1 883612861
76 112  1 883612861
76 113  1 883612861
113 112  1 883612861
113 76  1 883612861
114 115  1 1041379261
114 18  1 1041379261
115 114  1 1041379261
115 18  1 1041379261
18 114  1 1041379261
18 115  1 1041379261
116 40  1 820454461
40 116  1 820454461
57 18  1 852076861
18 57  1 852076861
29 48  1 820454461
48 29  1 820454461
33 117  1 1009843261
117 33  1 1009843261
32 33  1 883612861
33 32  1 883612861
43 44  1 694224061
43 118  1 694224061
44 43  1 694224061
44 118  1 694224061
118 43  1 694224061
118 44  1 694224061
29 30  1 946684861
30 29  1 946684861
15 16  1 725846461
16 15  1 725846461
74 43  1 694224061
43 74  1 694224061
15 119  1 820454461
119 15  1 820454461
18 31  1 978307261
18 75  1 978307261
31 18  1 978307261
31 75  1 978307261
75 18  1 978307261
75 31  1 978307261
120 32  1 852076861
32 120  1 852076861
43 44  1 725846461
44 43  1 725846461
15 17  1 725846461
15 121  1 725846461
17 15  1 725846461
17 121  1 725846461
121 15  1 725846461
121 17  1 725846461
49 18  1 725846461
18 49  1 725846461
15 16  1 725846461
16 15  1 725846461
57 49  1 725846461
57 18  1 725846461
57 19  1 725846461
49 57  1 725846461
49 18  1 725846461
49 19  1 725846461
18 57  1 725846461
18 49  1 725846461
18 19  1 725846461
19 57  1 725846461
19 49  1 725846461
19 18  1 725846461
28 18  1 820454461
18 28  1 820454461
122 33  1 883612861
33 122  1 883612861
123 18  1 1072915261
18 123  1 1072915261
49 18  1 725846461
18 49  1 725846461
43 44  1 725846461
44 43  1 725846461
124 125  1 725846461
125 124  1 725846461
116 40  1 852076861
40 116  1 852076861
126 127  1 978307261
126 128  1 978307261
126 22  1 978307261
127 126  1 978307261
127 128  1 978307261
127 22  1 978307261
128 126  1 978307261
128 127  1 978307261
128 22  1 978307261
22 126  1 978307261
22 127  1 978307261
22 128  1 978307261
20 21  1 883612861
21 20  1 883612861
49 18  1 694224061
18 49  1 694224061
36 129  1 946684861
129 36  1 946684861
57 18  1 915148861
18 57  1 915148861
66 62  1 820454461
62 66  1 820454461
32 33  1 788918461
33 32  1 788918461
18 50  1 852076861
50 18  1 852076861
43 130  1 788918461
130 43  1 788918461
45 21  1 820454461
21 45  1 820454461
18 93  1 694224061
93 18  1 694224061
18 131  1 852076861
18 28  1 852076861
131 18  1 852076861
131 28  1 852076861
28 18  1 852076861
28 131  1 852076861
18 93  1 757382461
93 18  1 757382461
132 133  1 1009843261
133 132  1 1009843261
134 48  1 788918461
48 134  1 788918461
135 136  1 725846461
135 137  1 725846461
136 135  1 725846461
136 137  1 725846461
137 135  1 725846461
137 136  1 725846461
15 121  1 757382461
15 16  1 757382461
121 15  1 757382461
121 16  1 757382461
16 15  1 757382461
16 121  1 757382461
22 126  1 978307261
126 22  1 978307261
132 133  1 1009843261
133 132  1 1009843261
138 63  1 757382461
63 138  1 757382461
132 139  1 1009843261
132 140  1 1009843261
132 133  1 1009843261
139 132  1 1009843261
139 140  1 1009843261
139 133  1 1009843261
140 132  1 1009843261
140 139  1 1009843261
140 133  1 1009843261
133 132  1 1009843261
133 139  1 1009843261
133 140  1 1009843261
76 77  1 788918461
76 141  1 788918461
77 76  1 788918461
77 141  1 788918461
141 76  1 788918461
141 77  1 788918461
142 18  1 1041379261
18 142  1 1041379261
143 16  1 1009843261
16 143  1 1009843261
135 137  1 820454461
137 135  1 820454461
67 18  1 1072915261
18 67  1 1072915261
20 21  1 852076861
21 20  1 852076861
32 33  1 788918461
33 32  1 788918461
109 36  1 1009843261
109 110  1 1009843261
36 109  1 1009843261
36 110  1 1009843261
110 109  1 1009843261
110 36  1 1009843261
18 19  1 757382461
19 18  1 757382461
18 50  1 883612861
50 18  1 883612861
20 21  1 1009843261
21 20  1 1009843261
18 31  1 915148861
31 18  1 915148861
18 131  1 820454461
18 28  1 820454461
131 18  1 820454461
131 28  1 820454461
28 18  1 820454461
28 131  1 820454461
50 144  1 915148861
144 50  1 915148861
76 107  1 757382461
107 76  1 757382461
18 31  1 852076861
31 18  1 852076861
18 19  1 820454461
19 18  1 820454461
19 18  1 725846461
18 19  1 725846461
132 133  1 1072915261
133 132  1 1072915261
145 15  1 820454461
15 145  1 820454461
15 16  1 820454461
16 15  1 820454461
18 146  1 883612861
18 19  1 883612861
146 18  1 883612861
146 19  1 883612861
19 18  1 883612861
19 146  1 883612861
40 46  1 694224061
40 41  1 694224061
46 40  1 694224061
46 41  1 694224061
41 40  1 694224061
41 46  1 694224061
101 43  1 788918461
101 44  1 788918461
43 101  1 788918461
43 44  1 788918461
44 101  1 788918461
44 43  1 788918461
76 147  1 725846461
147 76  1 725846461
20 21  1 915148861
21 20  1 915148861
37 33  1 820454461
33 37  1 820454461
22 148  1 694224061
148 22  1 694224061
22 149  1 978307261
149 22  1 978307261
18 31  1 978307261
31 18  1 978307261
15 121  1 820454461
121 15  1 820454461
150 151  1 915148861
151 150  1 915148861
20 21  1 788918461
21 20  1 788918461
18 75  1 1009843261
75 18  1 1009843261
33 37  1 852076861
37 33  1 852076861
33 152  1 1009843261
33 89  1 1009843261
152 33  1 1009843261
152 89  1 1009843261
89 33  1 1009843261
89 152  1 1009843261
150 151  1 915148861
151 150  1 915148861
153 83  1 915148861
83 153  1 915148861
72 73  1 1009843261
73 72  1 1009843261
40 154  1 820454461
154 40  1 820454461
49 18  1 725846461
18 49  1 725846461
155 156  1 662688061
156 155  1 662688061
155 157  1 662688061
157 155  1 662688061
158 159  1 631152061
158 160  1 631152061
158 161  1 631152061
158 162  1 631152061
158 163  1 631152061
158 164  1 631152061
159 158  1 631152061
159 160  1 631152061
159 161  1 631152061
159 162  1 631152061
159 163  1 631152061
159 164  1 631152061
160 158  1 631152061
160 159  1 631152061
160 161  1 631152061
160 162  1 631152061
160 163  1 631152061
160 164  1 631152061
161 158  1 631152061
161 159  1 631152061
161 160  1 631152061
161 162  1 631152061
161 163  1 631152061
161 164  1 631152061
162 158  1 631152061
162 159  1 631152061
162 160  1 631152061
162 161  1 631152061
162 163  1 631152061
162 164  1 631152061
163 158  1 631152061
163 159  1 631152061
163 160  1 631152061
163 161  1 631152061
163 162  1 631152061
163 164  1 631152061
164 158  1 631152061
164 159  1 631152061
164 160  1 631152061
164 161  1 631152061
164 162  1 631152061
164 163  1 631152061
165 166  1 599616061
165 167  1 599616061
166 165  1 599616061
166 167  1 599616061
167 165  1 599616061
167 166  1 599616061
168 169  1 662688061
168 170  1 662688061
169 168  1 662688061
169 170  1 662688061
170 168  1 662688061
170 169  1 662688061
171 172  1 567993661
171 173  1 567993661
172 171  1 567993661
172 173  1 567993661
173 171  1 567993661
173 172  1 567993661
174 175  1 567993661
175 174  1 567993661
176 177  1 599616061
177 176  1 599616061
167 178  1 536457661
167 173  1 536457661
167 179  1 536457661
178 167  1 536457661
178 173  1 536457661
178 179  1 536457661
173 167  1 536457661
173 178  1 536457661
173 179  1 536457661
179 167  1 536457661
179 178  1 536457661
179 173  1 536457661
176 180  1 662688061
180 176  1 662688061
181 155  1 631152061
155 181  1 631152061
171 182  1 662688061
182 171  1 662688061
183 184  1 315532861
184 183  1 315532861
171 185  1 631152061
185 171  1 631152061
186 167  1 536457661
167 186  1 536457661
165 172  1 662688061
172 165  1 662688061
187 188  1 157766461
188 187  1 157766461
189 1  1 94694461
189 190  1 94694461
189 191  1 94694461
1 189  1 94694461
1 190  1 94694461
1 191  1 94694461
190 189  1 94694461
190 1  1 94694461
190 191  1 94694461
191 189  1 94694461
191 1  1 94694461
191 190  1 94694461
192 193  1 631152061
193 192  1 631152061
194 195  1 631152061
195 194  1 631152061
196 197  1 567993661
197 196  1 567993661
166 198  1 599616061
198 166  1 599616061
199 171  1 599616061
171 199  1 599616061
172 171  1 536457661
171 172  1 536457661
200 166  1 567993661
166 200  1 567993661
201 202  1 599616061
202 201  1 599616061
203 204  1 536457661
204 203  1 536457661
205 206  1 694224061
205 207  1 694224061
205 208  1 694224061
206 205  1 694224061
206 207  1 694224061
206 208  1 694224061
207 205  1 694224061
207 206  1 694224061
207 208  1 694224061
208 205  1 694224061
208 206  1 694224061
208 207  1 694224061
209 207  1 662688061
207 209  1 662688061
210 211  1 662688061
211 210  1 662688061
171 199  1 599616061
199 171  1 599616061
171 166  1 599616061
171 172  1 599616061
171 212  1 599616061
166 171  1 599616061
166 172  1 599616061
166 212  1 599616061
172 171  1 599616061
172 166  1 599616061
172 212  1 599616061
212 171  1 599616061
212 166  1 599616061
212 172  1 599616061
213 214  1 599616061
214 213  1 599616061
215 216  1 631152061
215 163  1 631152061
216 215  1 631152061
216 163  1 631152061
163 215  1 631152061
163 216  1 631152061
217 202  1 567993661
202 217  1 567993661
169 218  1 631152061
169 219  1 631152061
218 169  1 631152061
218 219  1 631152061
219 169  1 631152061
219 218  1 631152061
220 221  1 315532861
221 220  1 315532861
169 218  1 631152061
218 169  1 631152061
221 191  1 252460861
221 222  1 252460861
191 221  1 252460861
191 222  1 252460861
222 221  1 252460861
222 191  1 252460861
171 223  1 567993661
171 185  1 567993661
223 171  1 567993661
223 185  1 567993661
185 171  1 567993661
185 223  1 567993661
194 207  1 694224061
194 208  1 694224061
207 194  1 694224061
207 208  1 694224061
208 194  1 694224061
208 207  1 694224061
224 225  1 694224061
225 224  1 694224061
171 172  1 599616061
172 171  1 599616061
182 198  1 631152061
198 182  1 631152061
226 227  1 94694461
227 226  1 94694461
176 180  1 567993661
176 228  1 567993661
176 229  1 567993661
176 174  1 567993661
180 176  1 567993661
180 228  1 567993661
180 229  1 567993661
180 174  1 567993661
228 176  1 567993661
228 180  1 567993661
228 229  1 567993661
228 174  1 567993661
229 176  1 567993661
229 180  1 567993661
229 228  1 567993661
229 174  1 567993661
174 176  1 567993661
174 180  1 567993661
174 228  1 567993661
174 229  1 567993661
230 231  1 567993661
231 230  1 567993661
198 232  1 631152061
232 198  1 631152061
178 180  1 504921661
180 178  1 504921661
191 187  1 283996861
191 233  1 283996861
191 184  1 283996861
187 191  1 283996861
187 233  1 283996861
187 184  1 283996861
233 191  1 283996861
233 187  1 283996861
233 184  1 283996861
184 191  1 283996861
184 187  1 283996861
184 233  1 283996861
171 172  1 536457661
172 171  1 536457661
163 215  1 631152061
215 163  1 631152061
171 155  1 567993661
171 172  1 567993661
171 167  1 567993661
171 198  1 567993661
171 178  1 567993661
155 171  1 567993661
155 172  1 567993661
155 167  1 567993661
155 198  1 567993661
155 178  1 567993661
172 171  1 567993661
172 155  1 567993661
172 167  1 567993661
172 198  1 567993661
172 178  1 567993661
167 171  1 567993661
167 155  1 567993661
167 172  1 567993661
167 198  1 567993661
167 178  1 567993661
198 171  1 567993661
198 155  1 567993661
198 172  1 567993661
198 167  1 567993661
198 178  1 567993661
178 171  1 567993661
178 155  1 567993661
178 172  1 567993661
178 167  1 567993661
178 198  1 567993661
234 202  1 599616061
202 234  1 599616061
165 172  1 662688061
172 165  1 662688061
235 236  1 694224061
236 235  1 694224061
237 238  1 283996861
238 237  1 283996861
239 200  1 694224061
200 239  1 694224061
1 240  1 252460861
1 241  1 252460861
1 242  1 252460861
1 243  1 252460861
240 1  1 252460861
240 241  1 252460861
240 242  1 252460861
240 243  1 252460861
241 1  1 252460861
241 240  1 252460861
241 242  1 252460861
241 243  1 252460861
242 1  1 252460861
242 240  1 252460861
242 241  1 252460861
242 243  1 252460861
243 1  1 252460861
243 240  1 252460861
243 241  1 252460861
243 242  1 252460861
244 167  1 504921661
244 198  1 504921661
244 214  1 504921661
244 178  1 504921661
244 203  1 504921661
244 245  1 504921661
244 246  1 504921661
244 196  1 504921661
244 247  1 504921661
244 248  1 504921661
167 244  1 504921661
167 198  1 504921661
167 214  1 504921661
167 178  1 504921661
167 203  1 504921661
167 245  1 504921661
167 246  1 504921661
167 196  1 504921661
167 247  1 504921661
167 248  1 504921661
198 244  1 504921661
198 167  1 504921661
198 214  1 504921661
198 178  1 504921661
198 203  1 504921661
198 245  1 504921661
198 246  1 504921661
198 196  1 504921661
198 247  1 504921661
198 248  1 504921661
214 244  1 504921661
214 167  1 504921661
214 198  1 504921661
214 178  1 504921661
214 203  1 504921661
214 245  1 504921661
214 246  1 504921661
214 196  1 504921661
214 247  1 504921661
214 248  1 504921661
178 244  1 504921661
178 167  1 504921661
178 198  1 504921661
178 214  1 504921661
178 203  1 504921661
178 245  1 504921661
178 246  1 504921661
178 196  1 504921661
178 247  1 504921661
178 248  1 504921661
203 244  1 504921661
203 167  1 504921661
203 198  1 504921661
203 214  1 504921661
203 178  1 504921661
203 245  1 504921661
203 246  1 504921661
203 196  1 504921661
203 247  1 504921661
203 248  1 504921661
245 244  1 504921661
245 167  1 504921661
245 198  1 504921661
245 214  1 504921661
245 178  1 504921661
245 203  1 504921661
245 246  1 504921661
245 196  1 504921661
245 247  1 504921661
245 248  1 504921661
246 244  1 504921661
246 167  1 504921661
246 198  1 504921661
246 214  1 504921661
246 178  1 504921661
246 203  1 504921661
246 245  1 504921661
246 196  1 504921661
246 247  1 504921661
246 248  1 504921661
196 244  1 504921661
196 167  1 504921661
196 198  1 504921661
196 214  1 504921661
196 178  1 504921661
196 203  1 504921661
196 245  1 504921661
196 246  1 504921661
196 247  1 504921661
196 248  1 504921661
247 244  1 504921661
247 167  1 504921661
247 198  1 504921661
247 214  1 504921661
247 178  1 504921661
247 203  1 504921661
247 245  1 504921661
247 246  1 504921661
247 196  1 504921661
247 248  1 504921661
248 244  1 504921661
248 167  1 504921661
248 198  1 504921661
248 214  1 504921661
248 178  1 504921661
248 203  1 504921661
248 245  1 504921661
248 246  1 504921661
248 196  1 504921661
248 247  1 504921661
171 249  1 662688061
171 250  1 662688061
249 171  1 662688061
249 250  1 662688061
250 171  1 662688061
250 249  1 662688061
251 252  1 694224061
251 253  1 694224061
251 254  1 694224061
252 251  1 694224061
252 253  1 694224061
252 254  1 694224061
253 251  1 694224061
253 252  1 694224061
253 254  1 694224061
254 251  1 694224061
254 252  1 694224061
254 253  1 694224061
171 172  1 567993661
172 171  1 567993661
229 228  1 662688061
229 174  1 662688061
228 229  1 662688061
228 174  1 662688061
174 229  1 662688061
174 228  1 662688061
230 255  1 567993661
230 256  1 567993661
255 230  1 567993661
255 256  1 567993661
256 230  1 567993661
256 255  1 567993661
257 178  1 536457661
178 257  1 536457661
155 258  1 599616061
258 155  1 599616061
249 171  1 694224061
249 259  1 694224061
171 249  1 694224061
171 259  1 694224061
259 249  1 694224061
259 171  1 694224061
157 260  1 694224061
260 157  1 694224061
171 166  1 631152061
171 172  1 631152061
171 198  1 631152061
171 212  1 631152061
166 171  1 631152061
166 172  1 631152061
166 198  1 631152061
166 212  1 631152061
172 171  1 631152061
172 166  1 631152061
172 198  1 631152061
172 212  1 631152061
198 171  1 631152061
198 166  1 631152061
198 172  1 631152061
198 212  1 631152061
212 171  1 631152061
212 166  1 631152061
212 172  1 631152061
212 198  1 631152061
228 180  1 599616061
180 228  1 599616061
261 262  1 662688061
262 261  1 662688061
263 255  1 662688061
255 263  1 662688061
264 265  1 567993661
265 264  1 567993661
171 172  1 567993661
172 171  1 567993661
266 267  1 694224061
266 207  1 694224061
267 266  1 694224061
267 207  1 694224061
207 266  1 694224061
207 267  1 694224061
193 192  1 631152061
193 268  1 631152061
193 269  1 631152061
192 193  1 631152061
192 268  1 631152061
192 269  1 631152061
268 193  1 631152061
268 192  1 631152061
268 269  1 631152061
269 193  1 631152061
269 192  1 631152061
269 268  1 631152061
171 182  1 662688061
182 171  1 662688061
270 271  1 567993661
270 197  1 567993661
270 272  1 567993661
271 270  1 567993661
271 197  1 567993661
271 272  1 567993661
197 270  1 567993661
197 271  1 567993661
197 272  1 567993661
272 270  1 567993661
272 271  1 567993661
272 197  1 567993661
171 199  1 662688061
171 249  1 662688061
199 171  1 662688061
199 249  1 662688061
249 171  1 662688061
249 199  1 662688061
172 216  1 599616061
216 172  1 599616061
273 274  1 662688061
273 275  1 662688061
274 273  1 662688061
274 275  1 662688061
275 273  1 662688061
275 274  1 662688061
176 276  1 662688061
176 174  1 662688061
276 176  1 662688061
276 174  1 662688061
174 176  1 662688061
174 276  1 662688061
277 278  1 631152061
278 277  1 631152061
279 280  1 662688061
279 281  1 662688061
280 279  1 662688061
280 281  1 662688061
281 279  1 662688061
281 280  1 662688061
281 279  1 662688061
281 280  1 662688061
281 282  1 662688061
279 281  1 662688061
279 280  1 662688061
279 282  1 662688061
280 281  1 662688061
280 279  1 662688061
280 282  1 662688061
282 281  1 662688061
282 279  1 662688061
282 280  1 662688061
283 284  1 662688061
283 285  1 662688061
284 283  1 662688061
284 285  1 662688061
285 283  1 662688061
285 284  1 662688061
286 287  1 662688061
286 288  1 662688061
287 286  1 662688061
287 288  1 662688061
288 286  1 662688061
288 287  1 662688061
288 289  1 725846461
289 288  1 725846461
290 291  1 725846461
291 290  1 725846461
290 286  1 631152061
290 283  1 631152061
286 290  1 631152061
286 283  1 631152061
283 290  1 631152061
283 286  1 631152061
292 293  1 1041379261
293 292  1 1041379261
294 295  1 1072915261
295 294  1 1072915261
296 297  1 883612861
296 298  1 883612861
296 299  1 883612861
296 300  1 883612861
297 296  1 883612861
297 298  1 883612861
297 299  1 883612861
297 300  1 883612861
298 296  1 883612861
298 297  1 883612861
298 299  1 883612861
298 300  1 883612861
299 296  1 883612861
299 297  1 883612861
299 298  1 883612861
299 300  1 883612861
300 296  1 883612861
300 297  1 883612861
300 298  1 883612861
300 299  1 883612861
301 302  1 915148861
301 303  1 915148861
302 301  1 915148861
302 303  1 915148861
303 301  1 915148861
303 302  1 915148861
304 305  1 852076861
304 306  1 852076861
305 304  1 852076861
305 306  1 852076861
306 304  1 852076861
306 305  1 852076861
307 308  1 1136073661
308 307  1 1136073661
309 310  1 1293840061
310 309  1 1293840061
311 312  1 1230768061
311 313  1 1230768061
312 311  1 1230768061
312 313  1 1230768061
313 311  1 1230768061
313 312  1 1230768061
308 307  1 1136073661
307 308  1 1136073661
314 315  1 694224061
314 316  1 694224061
315 314  1 694224061
315 316  1 694224061
316 314  1 694224061
316 315  1 694224061
317 318  1 567993661
317 319  1 567993661
318 317  1 567993661
318 319  1 567993661
319 317  1 567993661
319 318  1 567993661
320 321  1 852076861
321 320  1 852076861
322 323  1 1199145661
322 324  1 1199145661
322 325  1 1199145661
323 322  1 1199145661
323 324  1 1199145661
323 325  1 1199145661
324 322  1 1199145661
324 323  1 1199145661
324 325  1 1199145661
325 322  1 1199145661
325 323  1 1199145661
325 324  1 1199145661
326 307  1 915148861
307 326  1 915148861
327 328  1 757382461
327 329  1 757382461
327 330  1 757382461
327 331  1 757382461
328 327  1 757382461
328 329  1 757382461
328 330  1 757382461
328 331  1 757382461
329 327  1 757382461
329 328  1 757382461
329 330  1 757382461
329 331  1 757382461
330 327  1 757382461
330 328  1 757382461
330 329  1 757382461
330 331  1 757382461
331 327  1 757382461
331 328  1 757382461
331 329  1 757382461
331 330  1 757382461
332 333  1 1325376061
332 334  1 1325376061
333 332  1 1325376061
333 334  1 1325376061
334 332  1 1325376061
334 333  1 1325376061
335 336  1 1167609661
335 337  1 1167609661
336 335  1 1167609661
336 337  1 1167609661
337 335  1 1167609661
337 336  1 1167609661
338 339  1 1041379261
339 338  1 1041379261
340 341  1 1262304061
341 340  1 1262304061
342 343  1 1167609661
343 342  1 1167609661
344 345  1 567993661
345 344  1 567993661
346 347  1 1199145661
346 348  1 1199145661
347 346  1 1199145661
347 348  1 1199145661
348 346  1 1199145661
348 347  1 1199145661
349 350  1 1230768061
350 349  1 1230768061
351 352  1 694224061
352 351  1 694224061
353 354  1 1293840061
354 353  1 1293840061
355 356  1 1230768061
356 355  1 1230768061
357 358  1 1072915261
357 359  1 1072915261
358 357  1 1072915261
358 359  1 1072915261
359 357  1 1072915261
359 358  1 1072915261
360 208  1 1072915261
360 361  1 1072915261
208 360  1 1072915261
208 361  1 1072915261
361 360  1 1072915261
361 208  1 1072915261
325 362  1 1041379261
325 363  1 1041379261
362 325  1 1041379261
362 363  1 1041379261
363 325  1 1041379261
363 362  1 1041379261
364 365  1 1167609661
364 366  1 1167609661
365 364  1 1167609661
365 366  1 1167609661
366 364  1 1167609661
366 365  1 1167609661
367 368  1 1167609661
368 367  1 1167609661
369 370  1 1230768061
370 369  1 1230768061
371 372  1 662688061
372 371  1 662688061
373 374  1 915148861
373 375  1 915148861
373 376  1 915148861
373 377  1 915148861
373 378  1 915148861
373 379  1 915148861
373 380  1 915148861
373 381  1 915148861
374 373  1 915148861
374 375  1 915148861
374 376  1 915148861
374 377  1 915148861
374 378  1 915148861
374 379  1 915148861
374 380  1 915148861
374 381  1 915148861
375 373  1 915148861
375 374  1 915148861
375 376  1 915148861
375 377  1 915148861
375 378  1 915148861
375 379  1 915148861
375 380  1 915148861
375 381  1 915148861
376 373  1 915148861
376 374  1 915148861
376 375  1 915148861
376 377  1 915148861
376 378  1 915148861
376 379  1 915148861
376 380  1 915148861
376 381  1 915148861
377 373  1 915148861
377 374  1 915148861
377 375  1 915148861
377 376  1 915148861
377 378  1 915148861
377 379  1 915148861
377 380  1 915148861
377 381  1 915148861
378 373  1 915148861
378 374  1 915148861
378 375  1 915148861
378 376  1 915148861
378 377  1 915148861
378 379  1 915148861
378 380  1 915148861
378 381  1 915148861
379 373  1 915148861
379 374  1 915148861
379 375  1 915148861
379 376  1 915148861
379 377  1 915148861
379 378  1 915148861
379 380  1 915148861
379 381  1 915148861
380 373  1 915148861
380 374  1 915148861
380 375  1 915148861
380 376  1 915148861
380 377  1 915148861
380 378  1 915148861
380 379  1 915148861
380 381  1 915148861
381 373  1 915148861
381 374  1 915148861
381 375  1 915148861
381 376  1 915148861
381 377  1 915148861
381 378  1 915148861
381 379  1 915148861
381 380  1 915148861
382 383  1 1230768061
383 382  1 1230768061
384 385  1 1167609661
384 386  1 1167609661
385 384  1 1167609661
385 386  1 1167609661
386 384  1 1167609661
386 385  1 1167609661
360 208  1 1293840061
208 360  1 1293840061
387 388  1 1041379261
388 387  1 1041379261
389 208  1 1167609661
208 389  1 1167609661
390 325  1 1199145661
390 391  1 1199145661
390 389  1 1199145661
390 323  1 1199145661
325 390  1 1199145661
325 391  1 1199145661
325 389  1 1199145661
325 323  1 1199145661
391 390  1 1199145661
391 325  1 1199145661
391 389  1 1199145661
391 323  1 1199145661
389 390  1 1199145661
389 325  1 1199145661
389 391  1 1199145661
389 323  1 1199145661
323 390  1 1199145661
323 325  1 1199145661
323 391  1 1199145661
323 389  1 1199145661
392 393  1 788918461
393 392  1 788918461
394 395  1 1104537661
395 394  1 1104537661
396 397  1 599616061
397 396  1 599616061
398 399  1 1262304061
398 400  1 1262304061
399 398  1 1262304061
399 400  1 1262304061
400 398  1 1262304061
400 399  1 1262304061
401 402  1 1230768061
401 403  1 1230768061
402 401  1 1230768061
402 403  1 1230768061
403 401  1 1230768061
403 402  1 1230768061
404 405  1 1041379261
405 404  1 1041379261
406 407  1 1199145661
406 408  1 1199145661
406 409  1 1199145661
406 410  1 1199145661
406 411  1 1199145661
407 406  1 1199145661
407 408  1 1199145661
407 409  1 1199145661
407 410  1 1199145661
407 411  1 1199145661
408 406  1 1199145661
408 407  1 1199145661
408 409  1 1199145661
408 410  1 1199145661
408 411  1 1199145661
409 406  1 1199145661
409 407  1 1199145661
409 408  1 1199145661
409 410  1 1199145661
409 411  1 1199145661
410 406  1 1199145661
410 407  1 1199145661
410 408  1 1199145661
410 409  1 1199145661
410 411  1 1199145661
411 406  1 1199145661
411 407  1 1199145661
411 408  1 1199145661
411 409  1 1199145661
411 410  1 1199145661
412 317  1 599616061
412 318  1 599616061
412 319  1 599616061
317 412  1 599616061
317 318  1 599616061
317 319  1 599616061
318 412  1 599616061
318 317  1 599616061
318 319  1 599616061
319 412  1 599616061
319 317  1 599616061
319 318  1 599616061
413 414  1 1072915261
413 415  1 1072915261
413 416  1 1072915261
413 329  1 1072915261
414 413  1 1072915261
414 415  1 1072915261
414 416  1 1072915261
414 329  1 1072915261
415 413  1 1072915261
415 414  1 1072915261
415 416  1 1072915261
415 329  1 1072915261
416 413  1 1072915261
416 414  1 1072915261
416 415  1 1072915261
416 329  1 1072915261
329 413  1 1072915261
329 414  1 1072915261
329 415  1 1072915261
329 416  1 1072915261
384 417  1 1293840061
384 418  1 1293840061
384 419  1 1293840061
417 384  1 1293840061
417 418  1 1293840061
417 419  1 1293840061
418 384  1 1293840061
418 417  1 1293840061
418 419  1 1293840061
419 384  1 1293840061
419 417  1 1293840061
419 418  1 1293840061
420 388  1 631152061
388 420  1 631152061
421 422  1 694224061
421 423  1 694224061
422 421  1 694224061
422 423  1 694224061
423 421  1 694224061
423 422  1 694224061
424 351  1 694224061
351 424  1 694224061
422 423  1 694224061
423 422  1 694224061
319 317  1 567993661
317 319  1 567993661
390 391  1 1199145661
390 425  1 1199145661
390 389  1 1199145661
391 390  1 1199145661
391 425  1 1199145661
391 389  1 1199145661
425 390  1 1199145661
425 391  1 1199145661
425 389  1 1199145661
389 390  1 1199145661
389 391  1 1199145661
389 425  1 1199145661
426 427  1 1072915261
427 426  1 1072915261
428 429  1 1293840061
429 428  1 1293840061
430 431  1 1104537661
430 344  1 1104537661
431 430  1 1104537661
431 344  1 1104537661
344 430  1 1104537661
344 431  1 1104537661
432 433  1 1136073661
432 434  1 1136073661
433 432  1 1136073661
433 434  1 1136073661
434 432  1 1136073661
434 433  1 1136073661
435 436  1 1293840061
436 435  1 1293840061
437 438  1 1230768061
438 437  1 1230768061
412 439  1 504921661
439 412  1 504921661
440 441  1 662688061
441 440  1 662688061
442 443  1 1072915261
442 444  1 1072915261
443 442  1 1072915261
443 444  1 1072915261
444 442  1 1072915261
444 443  1 1072915261
445 356  1 1104537661
445 446  1 1104537661
356 445  1 1104537661
356 446  1 1104537661
446 445  1 1104537661
446 356  1 1104537661
447 448  1 1072915261
447 449  1 1072915261
448 447  1 1072915261
448 449  1 1072915261
449 447  1 1072915261
449 448  1 1072915261
450 451  1 1293840061
451 450  1 1293840061
452 453  1 1293840061
452 454  1 1293840061
452 455  1 1293840061
453 452  1 1293840061
453 454  1 1293840061
453 455  1 1293840061
454 452  1 1293840061
454 453  1 1293840061
454 455  1 1293840061
455 452  1 1293840061
455 453  1 1293840061
455 454  1 1293840061
456 457  1 1293840061
456 458  1 1293840061
457 456  1 1293840061
457 458  1 1293840061
458 456  1 1293840061
458 457  1 1293840061
459 460  1 1293840061
459 461  1 1293840061
459 384  1 1293840061
460 459  1 1293840061
460 461  1 1293840061
460 384  1 1293840061
461 459  1 1293840061
461 460  1 1293840061
461 384  1 1293840061
384 459  1 1293840061
384 460  1 1293840061
384 461  1 1293840061
462 463  1 883612861
463 462  1 883612861
326 307  1 915148861
307 326  1 915148861
384 463  1 1104537661
463 384  1 1104537661
464 336  1 1167609661
336 464  1 1167609661
326 307  1 915148861
307 326  1 915148861
465 466  1 1230768061
465 467  1 1230768061
465 468  1 1230768061
465 469  1 1230768061
466 465  1 1230768061
466 467  1 1230768061
466 468  1 1230768061
466 469  1 1230768061
467 465  1 1230768061
467 466  1 1230768061
467 468  1 1230768061
467 469  1 1230768061
468 465  1 1230768061
468 466  1 1230768061
468 467  1 1230768061
468 469  1 1230768061
469 465  1 1230768061
469 466  1 1230768061
469 467  1 1230768061
469 468  1 1230768061
470 471  1 883612861
470 351  1 883612861
471 470  1 883612861
471 351  1 883612861
351 470  1 883612861
351 471  1 883612861
472 473  1 1325376061
473 472  1 1325376061
474 475  1 1072915261
474 476  1 1072915261
475 474  1 1072915261
475 476  1 1072915261
476 474  1 1072915261
476 475  1 1072915261
477 389  1 1293840061
477 425  1 1293840061
389 477  1 1293840061
389 425  1 1293840061
425 477  1 1293840061
425 389  1 1293840061
478 479  1 1230768061
479 478  1 1230768061
480 481  1 1293840061
480 482  1 1293840061
481 480  1 1293840061
481 482  1 1293840061
482 480  1 1293840061
482 481  1 1293840061
483 484  1 1136073661
484 483  1 1136073661
485 486  1 1041379261
485 487  1 1041379261
486 485  1 1041379261
486 487  1 1041379261
487 485  1 1041379261
487 486  1 1041379261
325 323  1 1199145661
325 488  1 1199145661
323 325  1 1199145661
323 488  1 1199145661
488 325  1 1199145661
488 323  1 1199145661
489 490  1 1072915261
489 491  1 1072915261
490 489  1 1072915261
490 491  1 1072915261
491 489  1 1072915261
491 490  1 1072915261
492 493  1 1293840061
492 494  1 1293840061
492 495  1 1293840061
492 496  1 1293840061
492 497  1 1293840061
492 498  1 1293840061
492 499  1 1293840061
493 492  1 1293840061
493 494  1 1293840061
493 495  1 1293840061
493 496  1 1293840061
493 497  1 1293840061
493 498  1 1293840061
493 499  1 1293840061
494 492  1 1293840061
494 493  1 1293840061
494 495  1 1293840061
494 496  1 1293840061
494 497  1 1293840061
494 498  1 1293840061
494 499  1 1293840061
495 492  1 1293840061
495 493  1 1293840061
495 494  1 1293840061
495 496  1 1293840061
495 497  1 1293840061
495 498  1 1293840061
495 499  1 1293840061
496 492  1 1293840061
496 493  1 1293840061
496 494  1 1293840061
496 495  1 1293840061
496 497  1 1293840061
496 498  1 1293840061
496 499  1 1293840061
497 492  1 1293840061
497 493  1 1293840061
497 494  1 1293840061
497 495  1 1293840061
497 496  1 1293840061
497 498  1 1293840061
497 499  1 1293840061
498 492  1 1293840061
498 493  1 1293840061
498 494  1 1293840061
498 495  1 1293840061
498 496  1 1293840061
498 497  1 1293840061
498 499  1 1293840061
499 492  1 1293840061
499 493  1 1293840061
499 494  1 1293840061
499 495  1 1293840061
499 496  1 1293840061
499 497  1 1293840061
499 498  1 1293840061
500 501  1 1041379261
500 502  1 1041379261
500 503  1 1041379261
500 504  1 1041379261
500 505  1 1041379261
500 506  1 1041379261
500 507  1 1041379261
500 508  1 1041379261
501 500  1 1041379261
501 502  1 1041379261
501 503  1 1041379261
501 504  1 1041379261
501 505  1 1041379261
501 506  1 1041379261
501 507  1 1041379261
501 508  1 1041379261
502 500  1 1041379261
502 501  1 1041379261
502 503  1 1041379261
502 504  1 1041379261
502 505  1 1041379261
502 506  1 1041379261
502 507  1 1041379261
502 508  1 1041379261
503 500  1 1041379261
503 501  1 1041379261
503 502  1 1041379261
503 504  1 1041379261
503 505  1 1041379261
503 506  1 1041379261
503 507  1 1041379261
503 508  1 1041379261
504 500  1 1041379261
504 501  1 1041379261
504 502  1 1041379261
504 503  1 1041379261
504 505  1 1041379261
504 506  1 1041379261
504 507  1 1041379261
504 508  1 1041379261
505 500  1 1041379261
505 501  1 1041379261
505 502  1 1041379261
505 503  1 1041379261
505 504  1 1041379261
505 506  1 1041379261
505 507  1 1041379261
505 508  1 1041379261
506 500  1 1041379261
506 501  1 1041379261
506 502  1 1041379261
506 503  1 1041379261
506 504  1 1041379261
506 505  1 1041379261
506 507  1 1041379261
506 508  1 1041379261
507 500  1 1041379261
507 501  1 1041379261
507 502  1 1041379261
507 503  1 1041379261
507 504  1 1041379261
507 505  1 1041379261
507 506  1 1041379261
507 508  1 1041379261
508 500  1 1041379261
508 501  1 1041379261
508 502  1 1041379261
508 503  1 1041379261
508 504  1 1041379261
508 505  1 1041379261
508 506  1 1041379261
508 507  1 1041379261
509 510  1 1325376061
509 511  1 1325376061
510 509  1 1325376061
510 511  1 1325376061
511 509  1 1325376061
511 510  1 1325376061
512 513  1 1293840061
512 514  1 1293840061
512 515  1 1293840061
513 512  1 1293840061
513 514  1 1293840061
513 515  1 1293840061
514 512  1 1293840061
514 513  1 1293840061
514 515  1 1293840061
515 512  1 1293840061
515 513  1 1293840061
515 514  1 1293840061
516 517  1 820454461
517 516  1 820454461
518 519  1 788918461
519 518  1 788918461
520 521  1 567993661
521 520  1 567993661
522 523  1 1041379261
523 522  1 1041379261
524 314  1 567993661
524 525  1 567993661
524 526  1 567993661
524 527  1 567993661
524 528  1 567993661
314 524  1 567993661
314 525  1 567993661
314 526  1 567993661
314 527  1 567993661
314 528  1 567993661
525 524  1 567993661
525 314  1 567993661
525 526  1 567993661
525 527  1 567993661
525 528  1 567993661
526 524  1 567993661
526 314  1 567993661
526 525  1 567993661
526 527  1 567993661
526 528  1 567993661
527 524  1 567993661
527 314  1 567993661
527 525  1 567993661
527 526  1 567993661
527 528  1 567993661
528 524  1 567993661
528 314  1 567993661
528 525  1 567993661
528 526  1 567993661
528 527  1 567993661
529 530  1 1293840061
530 529  1 1293840061
531 532  1 599616061
531 533  1 599616061
531 534  1 599616061
532 531  1 599616061
532 533  1 599616061
532 534  1 599616061
533 531  1 599616061
533 532  1 599616061
533 534  1 599616061
534 531  1 599616061
534 532  1 599616061
534 533  1 599616061
535 536  1 1230768061
535 537  1 1230768061
536 535  1 1230768061
536 537  1 1230768061
537 535  1 1230768061
537 536  1 1230768061
538 539  1 757382461
539 538  1 757382461
540 541  1 1199145661
540 542  1 1199145661
540 543  1 1199145661
540 544  1 1199145661
541 540  1 1199145661
541 542  1 1199145661
541 543  1 1199145661
541 544  1 1199145661
542 540  1 1199145661
542 541  1 1199145661
542 543  1 1199145661
542 544  1 1199145661
543 540  1 1199145661
543 541  1 1199145661
543 542  1 1199145661
543 544  1 1199145661
544 540  1 1199145661
544 541  1 1199145661
544 542  1 1199145661
544 543  1 1199145661
545 546  1 1104537661
545 445  1 1104537661
545 547  1 1104537661
546 545  1 1104537661
546 445  1 1104537661
546 547  1 1104537661
445 545  1 1104537661
445 546  1 1104537661
445 547  1 1104537661
547 545  1 1104537661
547 546  1 1104537661
547 445  1 1104537661
390 323  1 1293840061
323 390  1 1293840061
548 549  1 1293840061
548 550  1 1293840061
548 551  1 1293840061
548 552  1 1293840061
549 548  1 1293840061
549 550  1 1293840061
549 551  1 1293840061
549 552  1 1293840061
550 548  1 1293840061
550 549  1 1293840061
550 551  1 1293840061
550 552  1 1293840061
551 548  1 1293840061
551 549  1 1293840061
551 550  1 1293840061
551 552  1 1293840061
552 548  1 1293840061
552 549  1 1293840061
552 550  1 1293840061
552 551  1 1293840061
449 553  1 1041379261
449 463  1 1041379261
553 449  1 1041379261
553 463  1 1041379261
463 449  1 1041379261
463 553  1 1041379261
426 427  1 1041379261
427 426  1 1041379261
554 555  1 1262304061
554 556  1 1262304061
555 554  1 1262304061
555 556  1 1262304061
556 554  1 1262304061
556 555  1 1262304061
557 558  1 1325376061
558 557  1 1325376061
559 560  1 1167609661
560 559  1 1167609661
561 562  1 1293840061
561 563  1 1293840061
561 564  1 1293840061
561 565  1 1293840061
562 561  1 1293840061
562 563  1 1293840061
562 564  1 1293840061
562 565  1 1293840061
563 561  1 1293840061
563 562  1 1293840061
563 564  1 1293840061
563 565  1 1293840061
564 561  1 1293840061
564 562  1 1293840061
564 563  1 1293840061
564 565  1 1293840061
565 561  1 1293840061
565 562  1 1293840061
565 563  1 1293840061
565 564  1 1293840061
566 567  1 1167609661
566 568  1 1167609661
566 569  1 1167609661
566 570  1 1167609661
567 566  1 1167609661
567 568  1 1167609661
567 569  1 1167609661
567 570  1 1167609661
568 566  1 1167609661
568 567  1 1167609661
568 569  1 1167609661
568 570  1 1167609661
569 566  1 1167609661
569 567  1 1167609661
569 568  1 1167609661
569 570  1 1167609661
570 566  1 1167609661
570 567  1 1167609661
570 568  1 1167609661
570 569  1 1167609661
571 572  1 1293840061
571 573  1 1293840061
571 574  1 1293840061
572 571  1 1293840061
572 573  1 1293840061
572 574  1 1293840061
573 571  1 1293840061
573 572  1 1293840061
573 574  1 1293840061
574 571  1 1293840061
574 572  1 1293840061
574 573  1 1293840061
575 576  1 1262304061
575 577  1 1262304061
575 578  1 1262304061
575 579  1 1262304061
575 580  1 1262304061
575 581  1 1262304061
575 582  1 1262304061
575 583  1 1262304061
576 575  1 1262304061
576 577  1 1262304061
576 578  1 1262304061
576 579  1 1262304061
576 580  1 1262304061
576 581  1 1262304061
576 582  1 1262304061
576 583  1 1262304061
577 575  1 1262304061
577 576  1 1262304061
577 578  1 1262304061
577 579  1 1262304061
577 580  1 1262304061
577 581  1 1262304061
577 582  1 1262304061
577 583  1 1262304061
578 575  1 1262304061
578 576  1 1262304061
578 577  1 1262304061
578 579  1 1262304061
578 580  1 1262304061
578 581  1 1262304061
578 582  1 1262304061
578 583  1 1262304061
579 575  1 1262304061
579 576  1 1262304061
579 577  1 1262304061
579 578  1 1262304061
579 580  1 1262304061
579 581  1 1262304061
579 582  1 1262304061
579 583  1 1262304061
580 575  1 1262304061
580 576  1 1262304061
580 577  1 1262304061
580 578  1 1262304061
580 579  1 1262304061
580 581  1 1262304061
580 582  1 1262304061
580 583  1 1262304061
581 575  1 1262304061
581 576  1 1262304061
581 577  1 1262304061
581 578  1 1262304061
581 579  1 1262304061
581 580  1 1262304061
581 582  1 1262304061
581 583  1 1262304061
582 575  1 1262304061
582 576  1 1262304061
582 577  1 1262304061
582 578  1 1262304061
582 579  1 1262304061
582 580  1 1262304061
582 581  1 1262304061
582 583  1 1262304061
583 575  1 1262304061
583 576  1 1262304061
583 577  1 1262304061
583 578  1 1262304061
583 579  1 1262304061
583 580  1 1262304061
583 581  1 1262304061
583 582  1 1262304061
584 585  1 1167609661
585 584  1 1167609661
586 587  1 1230768061
587 586  1 1230768061
588 589  1 1167609661
588 590  1 1167609661
588 591  1 1167609661
588 592  1 1167609661
588 593  1 1167609661
589 588  1 1167609661
589 590  1 1167609661
589 591  1 1167609661
589 592  1 1167609661
589 593  1 1167609661
590 588  1 1167609661
590 589  1 1167609661
590 591  1 1167609661
590 592  1 1167609661
590 593  1 1167609661
591 588  1 1167609661
591 589  1 1167609661
591 590  1 1167609661
591 592  1 1167609661
591 593  1 1167609661
592 588  1 1167609661
592 589  1 1167609661
592 590  1 1167609661
592 591  1 1167609661
592 593  1 1167609661
593 588  1 1167609661
593 589  1 1167609661
593 590  1 1167609661
593 591  1 1167609661
593 592  1 1167609661
594 595  1 1136073661
595 594  1 1136073661
596 597  1 1293840061
597 596  1 1293840061
598 599  1 1167609661
599 598  1 1167609661
600 601  1 1230768061
601 600  1 1230768061
602 603  1 1230768061
603 602  1 1230768061
604 605  1 1293840061
604 606  1 1293840061
605 604  1 1293840061
605 606  1 1293840061
606 604  1 1293840061
606 605  1 1293840061
607 608  1 1356998461
608 607  1 1356998461
609 610  1 1356998461
610 609  1 1356998461
611 612  1 1262304061
612 611  1 1262304061
613 614  1 1325376061
613 615  1 1325376061
613 616  1 1325376061
614 613  1 1325376061
614 615  1 1325376061
614 616  1 1325376061
615 613  1 1325376061
615 614  1 1325376061
615 616  1 1325376061
616 613  1 1325376061
616 614  1 1325376061
616 615  1 1325376061
617 618  1 1293840061
618 617  1 1293840061
619 620  1 1199145661
619 621  1 1199145661
619 578  1 1199145661
619 622  1 1199145661
619 623  1 1199145661
619 624  1 1199145661
619 625  1 1199145661
620 619  1 1199145661
620 621  1 1199145661
620 578  1 1199145661
620 622  1 1199145661
620 623  1 1199145661
620 624  1 1199145661
620 625  1 1199145661
621 619  1 1199145661
621 620  1 1199145661
621 578  1 1199145661
621 622  1 1199145661
621 623  1 1199145661
621 624  1 1199145661
621 625  1 1199145661
578 619  1 1199145661
578 620  1 1199145661
578 621  1 1199145661
578 622  1 1199145661
578 623  1 1199145661
578 624  1 1199145661
578 625  1 1199145661
622 619  1 1199145661
622 620  1 1199145661
622 621  1 1199145661
622 578  1 1199145661
622 623  1 1199145661
622 624  1 1199145661
622 625  1 1199145661
623 619  1 1199145661
623 620  1 1199145661
623 621  1 1199145661
623 578  1 1199145661
623 622  1 1199145661
623 624  1 1199145661
623 625  1 1199145661
624 619  1 1199145661
624 620  1 1199145661
624 621  1 1199145661
624 578  1 1199145661
624 622  1 1199145661
624 623  1 1199145661
624 625  1 1199145661
625 619  1 1199145661
625 620  1 1199145661
625 621  1 1199145661
625 578  1 1199145661
625 622  1 1199145661
625 623  1 1199145661
625 624  1 1199145661
626 627  1 1230768061
626 628  1 1230768061
626 629  1 1230768061
627 626  1 1230768061
627 628  1 1230768061
627 629  1 1230768061
628 626  1 1230768061
628 627  1 1230768061
628 629  1 1230768061
629 626  1 1230768061
629 627  1 1230768061
629 628  1 1230768061
630 631  1 1293840061
630 632  1 1293840061
630 633  1 1293840061
630 634  1 1293840061
630 635  1 1293840061
631 630  1 1293840061
631 632  1 1293840061
631 633  1 1293840061
631 634  1 1293840061
631 635  1 1293840061
632 630  1 1293840061
632 631  1 1293840061
632 633  1 1293840061
632 634  1 1293840061
632 635  1 1293840061
633 630  1 1293840061
633 631  1 1293840061
633 632  1 1293840061
633 634  1 1293840061
633 635  1 1293840061
634 630  1 1293840061
634 631  1 1293840061
634 632  1 1293840061
634 633  1 1293840061
634 635  1 1293840061
635 630  1 1293840061
635 631  1 1293840061
635 632  1 1293840061
635 633  1 1293840061
635 634  1 1293840061
636 637  1 1262304061
636 638  1 1262304061
636 639  1 1262304061
637 636  1 1262304061
637 638  1 1262304061
637 639  1 1262304061
638 636  1 1262304061
638 637  1 1262304061
638 639  1 1262304061
639 636  1 1262304061
639 637  1 1262304061
639 638  1 1262304061
640 641  1 1262304061
641 640  1 1262304061
642 643  1 1136073661
642 644  1 1136073661
642 645  1 1136073661
643 642  1 1136073661
643 644  1 1136073661
643 645  1 1136073661
644 642  1 1136073661
644 643  1 1136073661
644 645  1 1136073661
645 642  1 1136073661
645 643  1 1136073661
645 644  1 1136073661
646 647  1 1199145661
647 646  1 1199145661
648 649  1 1199145661
649 648  1 1199145661
650 651  1 1262304061
650 652  1 1262304061
651 650  1 1262304061
651 652  1 1262304061
652 650  1 1262304061
652 651  1 1262304061
653 654  1 1199145661
654 653  1 1199145661
655 656  1 1136073661
655 657  1 1136073661
655 658  1 1136073661
656 655  1 1136073661
656 657  1 1136073661
656 658  1 1136073661
657 655  1 1136073661
657 656  1 1136073661
657 658  1 1136073661
658 655  1 1136073661
658 656  1 1136073661
658 657  1 1136073661
659 660  1 1167609661
660 659  1 1167609661
661 662  1 1293840061
661 663  1 1293840061
662 661  1 1293840061
662 663  1 1293840061
663 661  1 1293840061
663 662  1 1293840061
664 665  1 1325376061
665 664  1 1325376061
666 667  1 1262304061
666 668  1 1262304061
667 666  1 1262304061
667 668  1 1262304061
668 666  1 1262304061
668 667  1 1262304061
669 670  1 1356998461
670 669  1 1356998461
671 672  1 1325376061
671 673  1 1325376061
672 671  1 1325376061
672 673  1 1325376061
673 671  1 1325376061
673 672  1 1325376061
674 675  1 1199145661
674 676  1 1199145661
675 674  1 1199145661
675 676  1 1199145661
676 674  1 1199145661
676 675  1 1199145661
677 678  1 1293840061
677 670  1 1293840061
677 679  1 1293840061
678 677  1 1293840061
678 670  1 1293840061
678 679  1 1293840061
670 677  1 1293840061
670 678  1 1293840061
670 679  1 1293840061
679 677  1 1293840061
679 678  1 1293840061
679 670  1 1293840061
680 681  1 1230768061
681 680  1 1230768061
682 683  1 1293840061
682 684  1 1293840061
682 685  1 1293840061
683 682  1 1293840061
683 684  1 1293840061
683 685  1 1293840061
684 682  1 1293840061
684 683  1 1293840061
684 685  1 1293840061
685 682  1 1293840061
685 683  1 1293840061
685 684  1 1293840061
686 687  1 1230768061
686 688  1 1230768061
687 686  1 1230768061
687 688  1 1230768061
688 686  1 1230768061
688 687  1 1230768061
689 690  1 1199145661
690 689  1 1199145661
691 692  1 1262304061
691 693  1 1262304061
691 694  1 1262304061
691 695  1 1262304061
692 691  1 1262304061
692 693  1 1262304061
692 694  1 1262304061
692 695  1 1262304061
693 691  1 1262304061
693 692  1 1262304061
693 694  1 1262304061
693 695  1 1262304061
694 691  1 1262304061
694 692  1 1262304061
694 693  1 1262304061
694 695  1 1262304061
695 691  1 1262304061
695 692  1 1262304061
695 693  1 1262304061
695 694  1 1262304061
696 697  1 1293840061
697 696  1 1293840061
698 699  1 1199145661
698 700  1 1199145661
698 701  1 1199145661
698 702  1 1199145661
698 703  1 1199145661
698 704  1 1199145661
699 698  1 1199145661
699 700  1 1199145661
699 701  1 1199145661
699 702  1 1199145661
699 703  1 1199145661
699 704  1 1199145661
700 698  1 1199145661
700 699  1 1199145661
700 701  1 1199145661
700 702  1 1199145661
700 703  1 1199145661
700 704  1 1199145661
701 698  1 1199145661
701 699  1 1199145661
701 700  1 1199145661
701 702  1 1199145661
701 703  1 1199145661
701 704  1 1199145661
702 698  1 1199145661
702 699  1 1199145661
702 700  1 1199145661
702 701  1 1199145661
702 703  1 1199145661
702 704  1 1199145661
703 698  1 1199145661
703 699  1 1199145661
703 700  1 1199145661
703 701  1 1199145661
703 702  1 1199145661
703 704  1 1199145661
704 698  1 1199145661
704 699  1 1199145661
704 700  1 1199145661
704 701  1 1199145661
704 702  1 1199145661
704 703  1 1199145661
705 706  1 1293840061
705 707  1 1293840061
706 705  1 1293840061
706 707  1 1293840061
707 705  1 1293840061
707 706  1 1293840061
708 709  1 1356998461
708 710  1 1356998461
708 711  1 1356998461
709 708  1 1356998461
709 710  1 1356998461
709 711  1 1356998461
710 708  1 1356998461
710 709  1 1356998461
710 711  1 1356998461
711 708  1 1356998461
711 709  1 1356998461
711 710  1 1356998461
712 713  1 1199145661
713 712  1 1199145661
559 560  1 1199145661
560 559  1 1199145661
714 715  1 1230768061
714 716  1 1230768061
715 714  1 1230768061
715 716  1 1230768061
716 714  1 1230768061
716 715  1 1230768061
717 718  1 1262304061
717 719  1 1262304061
718 717  1 1262304061
718 719  1 1262304061
719 717  1 1262304061
719 718  1 1262304061
720 721  1 1293840061
721 720  1 1293840061
722 723  1 1356998461
722 724  1 1356998461
722 725  1 1356998461
722 726  1 1356998461
722 727  1 1356998461
722 728  1 1356998461
723 722  1 1356998461
723 724  1 1356998461
723 725  1 1356998461
723 726  1 1356998461
723 727  1 1356998461
723 728  1 1356998461
724 722  1 1356998461
724 723  1 1356998461
724 725  1 1356998461
724 726  1 1356998461
724 727  1 1356998461
724 728  1 1356998461
725 722  1 1356998461
725 723  1 1356998461
725 724  1 1356998461
725 726  1 1356998461
725 727  1 1356998461
725 728  1 1356998461
726 722  1 1356998461
726 723  1 1356998461
726 724  1 1356998461
726 725  1 1356998461
726 727  1 1356998461
726 728  1 1356998461
727 722  1 1356998461
727 723  1 1356998461
727 724  1 1356998461
727 725  1 1356998461
727 726  1 1356998461
727 728  1 1356998461
728 722  1 1356998461
728 723  1 1356998461
728 724  1 1356998461
728 725  1 1356998461
728 726  1 1356998461
728 727  1 1356998461
729 730  1 1356998461
729 731  1 1356998461
730 729  1 1356998461
730 731  1 1356998461
731 729  1 1356998461
731 730  1 1356998461
732 733  1 1230768061
732 734  1 1230768061
733 732  1 1230768061
733 734  1 1230768061
734 732  1 1230768061
734 733  1 1230768061
735 736  1 1230768061
735 737  1 1230768061
736 735  1 1230768061
736 737  1 1230768061
737 735  1 1230768061
737 736  1 1230768061
738 739  1 1199145661
738 740  1 1199145661
738 741  1 1199145661
739 738  1 1199145661
739 740  1 1199145661
739 741  1 1199145661
740 738  1 1199145661
740 739  1 1199145661
740 741  1 1199145661
741 738  1 1199145661
741 739  1 1199145661
741 740  1 1199145661
742 743  1 1199145661
742 744  1 1199145661
742 745  1 1199145661
743 742  1 1199145661
743 744  1 1199145661
743 745  1 1199145661
744 742  1 1199145661
744 743  1 1199145661
744 745  1 1199145661
745 742  1 1199145661
745 743  1 1199145661
745 744  1 1199145661
746 747  1 1356998461
746 748  1 1356998461
747 746  1 1356998461
747 748  1 1356998461
748 746  1 1356998461
748 747  1 1356998461
749 750  1 1230768061
750 749  1 1230768061
751 752  1 1262304061
751 753  1 1262304061
751 754  1 1262304061
751 755  1 1262304061
752 751  1 1262304061
752 753  1 1262304061
752 754  1 1262304061
752 755  1 1262304061
753 751  1 1262304061
753 752  1 1262304061
753 754  1 1262304061
753 755  1 1262304061
754 751  1 1262304061
754 752  1 1262304061
754 753  1 1262304061
754 755  1 1262304061
755 751  1 1262304061
755 752  1 1262304061
755 753  1 1262304061
755 754  1 1262304061
756 757  1 1325376061
756 758  1 1325376061
757 756  1 1325376061
757 758  1 1325376061
758 756  1 1325376061
758 757  1 1325376061
759 760  1 1230768061
759 761  1 1230768061
760 759  1 1230768061
760 761  1 1230768061
761 759  1 1230768061
761 760  1 1230768061
762 763  1 1199145661
762 764  1 1199145661
762 765  1 1199145661
763 762  1 1199145661
763 764  1 1199145661
763 765  1 1199145661
764 762  1 1199145661
764 763  1 1199145661
764 765  1 1199145661
765 762  1 1199145661
765 763  1 1199145661
765 764  1 1199145661
746 748  1 1262304061
748 746  1 1262304061
766 767  1 1230768061
767 766  1 1230768061
613 768  1 1356998461
613 769  1 1356998461
768 613  1 1356998461
768 769  1 1356998461
769 613  1 1356998461
769 768  1 1356998461
770 771  1 1167609661
771 770  1 1167609661
772 773  1 1356998461
772 774  1 1356998461
772 775  1 1356998461
773 772  1 1356998461
773 774  1 1356998461
773 775  1 1356998461
774 772  1 1356998461
774 773  1 1356998461
774 775  1 1356998461
775 772  1 1356998461
775 773  1 1356998461
775 774  1 1356998461
776 777  1 1293840061
776 778  1 1293840061
776 779  1 1293840061
777 776  1 1293840061
777 778  1 1293840061
777 779  1 1293840061
778 776  1 1293840061
778 777  1 1293840061
778 779  1 1293840061
779 776  1 1293840061
779 777  1 1293840061
779 778  1 1293840061
572 780  1 1230768061
572 573  1 1230768061
572 574  1 1230768061
780 572  1 1230768061
780 573  1 1230768061
780 574  1 1230768061
573 572  1 1230768061
573 780  1 1230768061
573 574  1 1230768061
574 572  1 1230768061
574 780  1 1230768061
574 573  1 1230768061
781 782  1 1199145661
781 783  1 1199145661
781 784  1 1199145661
781 785  1 1199145661
782 781  1 1199145661
782 783  1 1199145661
782 784  1 1199145661
782 785  1 1199145661
783 781  1 1199145661
783 782  1 1199145661
783 784  1 1199145661
783 785  1 1199145661
784 781  1 1199145661
784 782  1 1199145661
784 783  1 1199145661
784 785  1 1199145661
785 781  1 1199145661
785 782  1 1199145661
785 783  1 1199145661
785 784  1 1199145661
786 787  1 1293840061
786 788  1 1293840061
787 786  1 1293840061
787 788  1 1293840061
788 786  1 1293840061
788 787  1 1293840061
789 790  1 1325376061
789 791  1 1325376061
790 789  1 1325376061
790 791  1 1325376061
791 789  1 1325376061
791 790  1 1325376061
792 793  1 1262304061
792 794  1 1262304061
793 792  1 1262304061
793 794  1 1262304061
794 792  1 1262304061
794 793  1 1262304061
795 796  1 1262304061
795 797  1 1262304061
796 795  1 1262304061
796 797  1 1262304061
797 795  1 1262304061
797 796  1 1262304061
798 799  1 1167609661
798 800  1 1167609661
799 798  1 1167609661
799 800  1 1167609661
800 798  1 1167609661
800 799  1 1167609661
801 802  1 1356998461
801 803  1 1356998461
801 804  1 1356998461
802 801  1 1356998461
802 803  1 1356998461
802 804  1 1356998461
803 801  1 1356998461
803 802  1 1356998461
803 804  1 1356998461
804 801  1 1356998461
804 802  1 1356998461
804 803  1 1356998461
805 758  1 1325376061
805 806  1 1325376061
805 807  1 1325376061
758 805  1 1325376061
758 806  1 1325376061
758 807  1 1325376061
806 805  1 1325376061
806 758  1 1325376061
806 807  1 1325376061
807 805  1 1325376061
807 758  1 1325376061
807 806  1 1325376061
808 809  1 1167609661
809 808  1 1167609661
718 719  1 1293840061
718 810  1 1293840061
718 811  1 1293840061
718 812  1 1293840061
719 718  1 1293840061
719 810  1 1293840061
719 811  1 1293840061
719 812  1 1293840061
810 718  1 1293840061
810 719  1 1293840061
810 811  1 1293840061
810 812  1 1293840061
811 718  1 1293840061
811 719  1 1293840061
811 810  1 1293840061
811 812  1 1293840061
812 718  1 1293840061
812 719  1 1293840061
812 810  1 1293840061
812 811  1 1293840061
588 589  1 1230768061
589 588  1 1230768061
813 814  1 1356998461
813 815  1 1356998461
814 813  1 1356998461
814 815  1 1356998461
815 813  1 1356998461
815 814  1 1356998461
816 817  1 1325376061
816 818  1 1325376061
817 816  1 1325376061
817 818  1 1325376061
818 816  1 1325376061
818 817  1 1325376061
819 820  1 1262304061
820 819  1 1262304061
821 822  1 1293840061
821 823  1 1293840061
821 824  1 1293840061
822 821  1 1293840061
822 823  1 1293840061
822 824  1 1293840061
823 821  1 1293840061
823 822  1 1293840061
823 824  1 1293840061
824 821  1 1293840061
824 822  1 1293840061
824 823  1 1293840061
825 826  1 1293840061
825 827  1 1293840061
826 825  1 1293840061
826 827  1 1293840061
827 825  1 1293840061
827 826  1 1293840061
828 829  1 1356998461
829 828  1 1356998461
830 831  1 1262304061
831 830  1 1262304061
832 833  1 1230768061
833 832  1 1230768061
834 835  1 1199145661
835 834  1 1199145661
836 837  1 1262304061
836 838  1 1262304061
837 836  1 1262304061
837 838  1 1262304061
838 836  1 1262304061
838 837  1 1262304061
839 840  1 1230768061
840 839  1 1230768061
841 842  1 1230768061
842 841  1 1230768061
843 844  1 1199145661
843 845  1 1199145661
844 843  1 1199145661
844 845  1 1199145661
845 843  1 1199145661
845 844  1 1199145661
846 847  1 1199145661
846 848  1 1199145661
846 849  1 1199145661
847 846  1 1199145661
847 848  1 1199145661
847 849  1 1199145661
848 846  1 1199145661
848 847  1 1199145661
848 849  1 1199145661
849 846  1 1199145661
849 847  1 1199145661
849 848  1 1199145661
850 851  1 1230768061
850 852  1 1230768061
851 850  1 1230768061
851 852  1 1230768061
852 850  1 1230768061
852 851  1 1230768061
853 854  1 1199145661
854 853  1 1199145661
855 856  1 1262304061
855 857  1 1262304061
855 858  1 1262304061
855 801  1 1262304061
855 859  1 1262304061
855 860  1 1262304061
855 861  1 1262304061
855 862  1 1262304061
856 855  1 1262304061
856 857  1 1262304061
856 858  1 1262304061
856 801  1 1262304061
856 859  1 1262304061
856 860  1 1262304061
856 861  1 1262304061
856 862  1 1262304061
857 855  1 1262304061
857 856  1 1262304061
857 858  1 1262304061
857 801  1 1262304061
857 859  1 1262304061
857 860  1 1262304061
857 861  1 1262304061
857 862  1 1262304061
858 855  1 1262304061
858 856  1 1262304061
858 857  1 1262304061
858 801  1 1262304061
858 859  1 1262304061
858 860  1 1262304061
858 861  1 1262304061
858 862  1 1262304061
801 855  1 1262304061
801 856  1 1262304061
801 857  1 1262304061
801 858  1 1262304061
801 859  1 1262304061
801 860  1 1262304061
801 861  1 1262304061
801 862  1 1262304061
859 855  1 1262304061
859 856  1 1262304061
859 857  1 1262304061
859 858  1 1262304061
859 801  1 1262304061
859 860  1 1262304061
859 861  1 1262304061
859 862  1 1262304061
860 855  1 1262304061
860 856  1 1262304061
860 857  1 1262304061
860 858  1 1262304061
860 801  1 1262304061
860 859  1 1262304061
860 861  1 1262304061
860 862  1 1262304061
861 855  1 1262304061
861 856  1 1262304061
861 857  1 1262304061
861 858  1 1262304061
861 801  1 1262304061
861 859  1 1262304061
861 860  1 1262304061
861 862  1 1262304061
862 855  1 1262304061
