0.00869565217391
0.0
0.0274120979837
0.0106431677729
0.0303839564648
0.0
0.0267605633803
0.0156163199802
0.0481611208406
0.0467625899281
0.0
0.0356472795497
0.0108942351339
0.00395569620253
0.0
0.0
0.0
0.0
0.00816326530612
0.0
0.0096256684492
0.078431372549
0.0
0.0285714285714
0.00769230769231
0.0274509803922
0.0384615384615
0.0
0.0
0.0
0.0169098143236
0.0148768596075
0.0409836065574
0.0227832512315
0.024275008146
0.0380835380835
0.0213064199608
0.0516853932584
0.0250175356558
0.014526710403
0.0217133833399
0.00987541780614
0.0208719851577
0.00757877941763
0.0319634703196
0.0313725490196
0.0258620689655
0.0286806883365
0.227272727273
0.0
0.0175044883303
0.0301507537688
0.0157068062827
0.0444444444444
0.00777511961722
0.0167981674726
0.0
0.0192926045016
0.00633737185461
0.0259852004818
0.00414769853313
0.0
0.00622222222222
0.0106382978723
0.0220207253886
0.0
0.0
0.0
0.0
0.0
0.0
0.0112933721703
0.0152091254753
0.0
0.0
0.0269299820467
0.0340909090909
0.0
0.0333333333333
0.0445344129555
0.0062893081761
0.019801980198
0.0142145547321
0.03125
0.0
0.0162337662338
0.0
0.0120481927711
0.0334928229665
0.0
0.0152284263959
0.00394910048267
0.0
0.0
0.0
0.0
0.0
0.0
0.0451612903226
0.0338066260987
0.0
0.0
0.0
0.0
0.0
0.0139751552795
0.0512820512821
0.0316437972557
0.0115384615385
0.0258358662614
0.00805523590334
0.0128017556693
0.0257425742574
0.077380952381
0.00490998363339
0.0222222222222
0.0
0.0
0.00862068965517
0.0
0.0555555555556
0.0
0.0
0.0
0.210526315789
0.132653061224
0.0148148148148
0.0163265306122
0.0297136682874
0.0
0.0119047619048
0.0
0.0671641791045
0.0343511450382
0.0454545454545
0.0
0.0
0.0146788990826
0.0
0.0464480874317
0.0246811158353
0.0
0.0
0.0220750551876
0.0289304500292
0.00950517193179
0.0
0.0
0.0
0.0
0.0
0.0
0.0
0.0
0.0
0.011961722488
0.0230769230769
0.0
0.0
0.0
0.0133525802959
0.0
0.0
0.0873015873016
0.016091954023
0.0
0.0355731225296
0.0
0.0333333333333
0.0
0.0
0.0
0.0
0.0
0.0
0.0148826559817
0.0
0.0103244837758
0.0
0.0592105263158
0.0
0.0
0.0301649305556
0.0
0.0179372197309
0.0282051282051
0.0
0.0322033898305
0.0
0.0
0.0130178898546
0.00731707317073
0.0
0.0365853658537
0.0178759200841
0.0
0.0206999255398
0.0121951219512
0.0496598639456
0.0
0.0
0.0335570469799
0.0
0.0231098867463
0.0
0.0296296296296
0.054347826087
0.0183135704875
0.0
0.0
0.0
0.0308988764045
0.0
0.0
0.0420777713291
0.0
0.0348912690685
0.0
0.0
0.0
0.0336650237143
0.0
0.0
0.0
0.0720524017467
0.0
0.0343137254902
0.0312907431551
0.0123674911661
0.0136846405229
0.0227312163804
0.0498188405797
0.0378787878788
0.0
0.0148148148148
0.0397614314115
0.0231871471993
0.0
0.0
0.0
0.0130260521042
0.0
0.0578999018646
0.0222693531283
0.0362831858407
0.0223752151463
0.0199637023593
0.0301053259989
0.0
0.0208333333333
0.0296411856474
0.0
0.0135557872784
0.0371747211896
0.0
0.0229985082049
0.0836012861736
0.0267131242741
0.0609243697479
0.0612244897959
0.0
0.0
0.0264900662252
0.0151745068285
0.0287883581145
0.0
0.0
0.0
0.0
0.0
0.0250866816235
0.048048048048
0.0
0.0144628099174
0.0529197080292
0.0148038490007
0.0
0.0
0.0
0.0
0.0
0.0259095920617
0.0
0.0
0.0
0.0227999147667
0.0264467065118
0.0442627572597
0.0
0.0
0.0
0.0
0.0
0.0300751879699
0.0
0.0842105263158
0.108108108108
0.102564102564
0.0
0.0
0.0
0.0
0.0
0.0
0.0
0.0333333333333
0.0
0.0159635119726
0.0338983050847
0.0
0.0
0.0
0.0
0.0
0.0377850162866
0.0
0.0
0.0
0.0
0.0
0.0291878172589
0.0
0.0272126027649
0.0
0.0536149471974
0.0
0.0110948905109
0.08
0.0306781485468
0.0
0.015873015873
0.0318450014646
0.00934579439252
0.0
0.023227081789
0.0196078431373
0.0815752461322
0.0
0.0
0.0
0.0
0.0
0.0
0.031746031746
0.0
0.0263157894737
0.0293925538863
0.0
0.0267458100559
0.0
0.0130998702983
0.0121580547112
0.0
0.0110192837466
0.0
0.0
0.0185471406491
0.0
0.0
0.0
0.0
0.0
0.0
0.0334346504559
0.0428954423592
0.0
0.016
0.0546218487395
0.0142857142857
0.0
0.0
0.0135135135135
0.00847457627119
0.00925925925926
0.00563746747615
0.0952380952381
0.0
0.0
0.0218631178707
0.0
0.0114285714286
0.0308908045977
0.0
0.0
0.0
0.0
0.036036036036
0.0
0.0
0.0
0.0
0.0
0.0
0.0289772727273
0.0136674259681
0.0149147727273
0.0730593607306
0.0441176470588
0.0306435137896
0.0
0.0
0.0138109239954
0.00954653937947
0.030599755202
0.0
0.0
0.0
0.0
0.0
0.0130805897351
0.0183035537419
0.012987012987
0.040101845958
0.0266159695817
0.0286521388216
0.0
0.0221027479092
0.0666666666667
0.0208333333333
0.0
0.0
0.00861450107681
0.0
0.0
0.0185694635488
0.0267527675277
0.0
0.0737410071942
0.0311771561772
0.0418371987267
0.020372250423
0.0
0.0248767203945
0.0119891008174
0.0662939297125
0.00510204081633
0.0
0.027027027027
0.0277142857143
0.0488989075776
0.0
0.0473457675753
0.0192307692308
0.016330451489
0.0
0.0
0.0574912891986
0.0644122383253
0.0597014925373
0.0
0.0258449304175
0.0
0.0
0.0227948463826
0.0265433939755
0.0294117647059
0.0
0.0317725752508
0.0
0.0335720680394
0.023275862069
0.0358455882353
0.0
0.0
0.0550458715596
0.0663265306122
0.0
0.102739726027
0.0263736263736
0.018463567425
0.0
0.0130434782609
0.0652173913043
0.0450781968721
0.0677966101695
0.0109170305677
0.00754716981132
0.0445544554455
0.0342502696872
0.0222222222222
0.0186274509804
0.0153846153846
0.0283496456294
0.023860717912
0.0
0.0298979950756
0.0443349753695
0.018536121673
0.0
0.0
0.0
0.211382113821
0.0218311427935
0.0365776081425
0.0280701754386
0.0314164363244
0.0589378238342
0.0307692307692
0.0111111111111
0.0
0.0233545647558
0.0384615384615
0.0430609925496
0.0
0.048473967684
0.0344585091421
0.0086649550706
0.0217391304348
0.0179558663706
0.0
0.0
0.0302028896403
0.0609065155807
0.0
0.0401486988848
0.020618556701
0.0
0.0126520681265
0.0
0.0413625304136
0.00904977375566
0.0109521680823
0.0
0.135338345865
0.0
0.0
0.0
0.00320512820513
0.0
0.0
0.1
0.0517830972154
0.0
0.0435557994375
0.0326051936336
0.039603960396
0.0647112186272
0.0322580645161
0.0126196235146
0.0555058191585
0.0119331742243
0.102766798419
0.0366013071895
0.0609137055838
0.0268247643114
0.0140474100088
0.0252964121577
0.024064171123
0.0537497344381
0.0490681764567
0.0126903553299
0.0
0.0
0.0
0.0
0.0107913669065
0.0
0.0
0.0116959064327
0.0154473914311
0.0
0.0204081632653
0.0153846153846
0.0524520255864
0.0289034564958
0.0406788793103
0.00760456273764
0.035010940919
0.140939597315
0.0
0.0180722891566
0.0355648535565
0.0483460559796
0.0102564102564
0.0138888888889
0.0458248472505
0.0496323529412
0.0313901345291
0.0
0.0303212248574
0.0
0.0
0.0
0.0365853658537
0.0156882591093
0.0519713261649
0.0182129847868
0.087332808812
0.0
0.021017699115
0.041825095057
0.0416666666667
0.015
0.0
0.00546448087432
0.0
0.0
0.0236280487805
0.0
0.0
0.0
0.0585365853659
0.0
0.0229885057471
0.0
0.0
0.0
0.0112044817927
0.109792284866
0.0
0.0
0.0609981515712
0.0666666666667
0.0
0.0675213675214
0.0
0.0458425545368
0.0291262135922
0.0665658093797
0.0476683937824
0.0
0.0
0.0623742454728
0.0
0.0
0.0342182172431
0.0
0.0190930787589
0.0
0.0
0.0
0.0246913580247
0.0230263157895
0.0045045045045
0.0379746835443
0.0
0.00676982591876
0.0256892230576
0.0182345627849
0.0181818181818
0.170984455959
0.0327144120248
0.0
0.043956043956
0.0317500894729
0.0
0.0
0.0151515151515
0.0289855072464
0.0
0.0
0.0505050505051
0.0
0.0
0.0504201680672
0.0310146211786
0.0220942504474
0.0300114749757
0.0518783542039
0.0408805031447
0.078132927448
0.0
0.0394326241135
0.0
0.0876993166287
0.0213675213675
0.0316449049603
0.0
0.0138888888889
0.0
0.0
0.0
0.0
0.0
0.0
0.0226039783002
0.0358200535891
0.042305508234
0.0
0.0
0.0
0.0276633313714
0.0324052943861
0.0
0.0313620071685
0.0151205557826
0.0
0.0138888888889
0.0
0.0
0.0308933984669
0.0
0.0
0.0198159943383
0.0420503376304
0.0421885299934
0.0145278450363
0.0365472910927
0.091492776886
0.0155204840952
0.128205128205
0.0
0.0
0.0
0.0639493014547
0.02
0.0328738069989
0.0443675267464
0.0
0.0449205252246
0.0615841584158
0.0
0.0
0.0299785867238
0.0558839627805
0.0324254215305
0.0460816777042
0.0512820512821
0.0
0.0
0.0474831872835
0.0495867768595
0.0
0.0663832570307
0.082703777336
0.0
0.0345110928513
0.0
0.037514209928
0.0
0.021186440678
0.0
0.0190735694823
0.0260436614324
0.0270536692223
0.0488240547782
0.0512729844413
0.06582556226
0.0514049586777
0.0427170868347
0.0333333333333
0.0792452830189
0.0447882736156
0.0556145944031
0.0
0.0557717250324
0.051762560778
0.0382002866579
0.0338605028386
0.0767776096823
0.0294351630867
0.0332524015623
0.0310156091628
0.0
0.0
0.064381270903
0.0
0.0
0.0442477876106
0.046282245827
0.044474393531
0.0599334073252
0.125316455696
0.00966608084359
0.0362857502835
0.0318181818182
0.0367088607595
0.0148989003193
0.0502937720329
0.0337593776049
0.0355450236967
0.0454079890748
0.0682060390764
0.0268162539335
0.0426652892562
0.0269257785062
0.0488085810957
0.0321583178726
0.0271739130435
0.0
0.0482673267327
0.0
0.0
0.0469361147327
0.0562108367121
0.0394061117608
0.0546683046683
0.0475815449235
0.0367062411502
0.0410223367698
0.0367278797997
0.0
0.051395657953
0.057217847769
0.0
0.0774249673771
0.0264570552147
0.19587628866
0.0304449648712
0.0
0.027458617332
0.0640913081651
0.0476700589181
0.0
0.0695970695971
0.0
0.0
0.0
0.02541002541
0.0178817056396
0.0
0.0
0.0
0.0339531123686
0.0
0.0131578947368
0.0257577728633
0.0
0.0289614462276
0.0257510729614
0.0
0.0337846896367
0.0586025544703
0.0
0.0178571428571
0.0680892653527
0.0102739726027
0.0
0.0
0.0330857528697
0.117647058824
0.0
0.0
0.0235934664247
0.0153846153846
0.0356347438753
0.00497512437811
0.0
0.142857142857
0.0186454620236
0.0
0.0205846027172
0.0
0.0
0.00607902735562
0.0
0.0
0.0588235294118
0.0
0.0
0.0769230769231
0.0387096774194
0.0
0.0
0.0228848821082
0.0296296296296
0.0346820809249
0.0284030010718
0.0
0.0164609053498
0.0
0.0
0.00889877641824
0.0
0.0277777777778
0.0203703703704
0.0
0.0
0.0283203125
0.0
0.0
0.0
0.0
0.0108953102795
0.0
0.0
0.0
0.0298687297863
0.0433839479393
0.0
0.0
0.0
0.0
0.0
0.0
0.0
0.0312313030992
0.0292202371014
0.0287356321839
0.0
0.0
0.0
0.0
0.0582959641256
0.0
0.0
0.0
0.0
0.0
0.0944785276074
0.0
0.025
0.0138310779281
0.0631925726265
0.063025210084
0.0343747032571
0.0
0.0355239786856
0.0
0.0
0.0
0.0
0.0
0.0
0.0
0.0
0.0406574394464
0.0174962292609
0.0606060606061
0.0199443413729
0.0464480874317
0.03125
0.0087589439921
0.0
0.0
0.0
0.0253164556962
0.112403100775
0.0
0.0406574394464
0.0264496439471
0.0
0.0
0.029948659441
0.0296686718939
0.0
0.0207946890559
0.0
0.0
0.023829787234
0.0148606811146
0.0
0.0343029087262
0.0246649834919
0.00527108433735
0.0185185185185
0.013698630137
0.0232558139535
0.0
0.0
0.0325497287523
0.0
0.0
0.0
0.0
0.0607187112763
0.0138888888889
0.0
0.0
0.0270162628609
0.0251372435712
0.0369942196532
0.018675179569
0.0353955978584
0.015625
0.0429067007486
0.0244648318043
0.0397176470588
0.0358455882353
0.0244140625
0.0188722936205
0.00520833333333
0.0433969322858
0.0
0.0360555255093
0.0285306704708
0.0388349514563
0.0409129652429
0.0271476833977
0.0357698289269
0.0432014552069
0.0383887537172
0.0221649484536
0.0132082029892
0.0314927857936
0.00847457627119
0.0378809729834
0.0293835835196
0.0215200217924
0.0315827252064
0.0266180492252
0.0360106839645
0.0139190952588
0.0604894143525
0.0327732259408
0.0540540540541
0.0513489991297
0.0189546237794
0.0680751173709
0.0
0.0
0.0
0.0
0.0343915343915
0.0319516407599
0.00410256410256
0.0
0.0
0.0
0.0
0.0
0.0210733556949
0.0378142941992
0.0399771559109
0.0427728613569
0.115942028986
0.043599581444
0.025012025012
0.0262774525164
0.0207563264146
0.0
0.0236385774867
0.0
0.0
0.0
0.0373756386125
0.00384615384615
0.00892857142857
0.0
0.0161151697465
0.0345443716498
0.00680272108844
0.0315691736305
0.0
0.0479797979798
0.0588066551922
0.0
0.0
0.031914893617
0.0790842872008
0.0
0.0
0.0
0.0
0.0
0.0
0.0
0.0
0.0
0.0
0.108208955224
0.105263157895
0.0245588798274
0.0309644670051
0.0311550811421
0.0430217961885
0.044187269858
0.012012012012
0.0264937993236
0.0285874439462
0.0526835693118
0.0316901408451
0.0367346938776
0.0418307086614
0.0
0.028596187175
0.0
0.0330697951203
0.0409756097561
0.0522604728328
0.0221689634512
0.0617495711835
0.0164446518976
0.0
0.022685013016
0.0233265720081
0.0315656565657
0.0271264367816
0.0319284802043
0.0
0.0248547885992
0.138888888889
0.0192554557125
0.0
0.0
0.0
0.0
0.0
0.0
0.0231321705065
0.0
0.0496952648851
0.0
0.0
0.0
0.0
0.0
0.0592592592593
0.0236686390533
0.0181430096051
0.0
0.0
0.0
0.0
0.0388532038227
0.0168103448276
0.0224996147326
0.0
0.0303565125309
0.0
0.0
0.0309221040928
0.0
0.0
0.0
0.0168539325843
0.0
0.0
0.0579128440367
0.0
0.0426871938418
0.00612745098039
0.0
0.0537459283388
0.0101394169835
0.0514046622833
0.0
0.0447058823529
0.0304709141274
0.0113378684807
0.0
0.0
0.0
0.0
0.0
0.0
0.0322033898305
0.0391452344932
0.0350877192982
0.184210526316
0.0
0.0224154589372
0.0
0.0
0.00316091954023
0.0423306772908
0.0291866242894
0.0512820512821
0.0691792710141
0.0848623853211
0.0216042780749
0.0
0.0361858190709
0.0913461538462
0.0
0.0174418604651
0.0475949367089
0.0168595873176
0.0
0.0230478156175
0.0484114977307
0.0909090909091
0.0
0.0104244229337
0.0494137353434
0.0
0.0
0.0
0.0
0.0
0.0
0.00401606425703
0.0
0.0
0.0250569476082
0.0
0.0583050847458
0.036036036036
0.0416513761468
0.037750385208
0.0142857142857
0.0
0.0
0.0187035457536
0.0
0.0
0.0487916096671
0.0182291666667
0.0
0.0
0.0
0.0
0.0
0.0
0.0
0.0204526578073
0.0166666666667
0.0575916230366
0.0432949114422
0.017571884984
0.0153735692866
0.0
0.0
0.0
0.0
0.0
0.555555555556
0.0
0.0
0.0877192982456
0.0615763546798
0.00956937799043
0.0
0.0249136655155
0.0299060096839
0.0261187822326
0.0287952572517
0.0290827740492
0.0369685767098
0.0114754098361
0.0277580071174
0.0229635001209
0.0
0.0304182509506
0.0496296296296
0.0
0.0
0.004
0.0316233309909
0.0
0.0
0.0
0.0
0.0
0.0
0.0
0.0
0.0
0.0
0.0
0.0
0.0
0.0
0.0
0.0
0.0
0.0269151138716
0.0229577263639
0.0
0.0
0.0399429386591
0.0843373493976
0.0487804878049
0.0308661417323
0.0387096774194
0.0
0.0153846153846
0.004662004662
0.026373793418
0.0249001444718
0.0
0.0
0.0
0.0
0.0142602495544
0.0
0.0
0.0
0.0
0.0119760479042
0.0
0.0
0.0
0.153846153846
0.0217366607339
0.0181818181818
0.0
0.0303844752187
0.015037593985
0.00853242320819
0.0294117647059
0.0588235294118
0.0126262626263
0.0
0.0
0.0
0.0
0.0279354985237
0.0172326406488
0.0210741890731
0.0304568527919
0.0250379362671
0.0
0.0
0.0
0.0299212598425
0.0205278592375
0.0515995872033
0.0
0.0
0.0
0.00532859680284
0.0
0.024678111588
0.0429799426934
0.0
0.0
0.0
0.0
0.0
0.0
0.0
0.0276816608997
0.0
0.0
0.0
0.0
0.00133689839572
0.0119760479042
0.0
0.0
0.0
0.0571658615137
0.0
0.0
0.0
0.0387096774194
0.00426439232409
0.0311004784689
0.0346232179226
0.0327896138482
0.0
0.00988467874794
0.0249291784703
0.0
0.0220588235294
0.0
0.0
0.0
0.0
0.0
0.0
0.0
0.0
0.0
0.0
0.0215133531157
0.0277777777778
0.0110395584177
0.0
0.0356319974039
0.0267145135566
0.0
0.0260448213204
0.0
0.0
0.05
0.0
0.0
0.0
0.0
0.0638740344623
0.0
0.0
0.0150618612157
0.0144867549669
0.0540151242348
0.0718838526912
0.0379746835443
0.0
0.0597014925373
0.0304649919829
0.0208333333333
0.0525486074619
0.0325860978035
0.00652376514445
0.0517609391676
0.0505920344456
0.0
0.0323450134771
0.0408639813193
0.0390946502058
0.0
0.125
0.0
0.0219665271967
0.0285123966942
0.0
0.0866666666667
0.0384615384615
0.0
0.0555555555556
0.0307692307692
0.03125
0.0
0.0425124473382
0.0477815699659
0.0
0.02
0.00520833333333
0.0
0.027397260274
0.0371588929746
0.016393442623
0.0255286112253
0.0354268418518
0.0472069236821
0.025483057967
0.0
0.0267857142857
0.0
0.0
0.0282776349614
0.0105769230769
0.0189092902165
0.0127565169163
0.0
0.0
0.0336134453782
0.0
0.0294117647059
0.0406024885396
0.00471698113208
0.0063829787234
0.0
0.0266293953215
0.0454284071305
0.0
0.0
0.0
0.0941176470588
0.0
0.0
0.0277777777778
0.0
0.0
0.0
0.0
0.0
0.0
0.0
0.0
0.0346329323932
0.0782698249228
0.0
0.0
0.0219512195122
0.0566037735849
0.0277227722772
0.0
0.0
0.0
0.0
0.0
0.0
0.0
0.0
0.0
0.0200956937799
0.0186666666667
0.0340218712029
0.00757575757576
0.0141592920354
0.0268867924528
0.0
0.0281690140845
0.0
0.0148325358852
0.0620490620491
0.0227272727273
0.0
0.0182876142976
0.0
0.027027027027
0.049969897652
0.13074204947
0.0158161742763
0.0565317035905
0.0180995475113
0.0131578947368
0.0671302487296
0.0753138075314
0.0566426364573
0.0
0.0
0.0
0.0
0.0141509433962
0.0
0.0
0.0
0.0662568306011
0.0
0.0
0.0437881873727
0.0386797318205
0.0
0.0
0.0246395327615
0.0
0.0
0.030303030303
0.0
0.0
0.0
0.0480384307446
0.0425531914894
0.0
0.0311475409836
0.0474478792236
0.0126596846588
0.0
0.0
0.0348703170029
0.0287551348455
0.0
0.0277777777778
0.0396530359356
0.0
0.0
0.0
0.0
0.0
0.0
0.0131004366812
0.0
0.0
0.0
0.0175438596491
0.0
0.00516351118761
0.0
0.0
0.0
0.0
0.0
0.0433944069431
0.0283411336453
0.0595765632693
0.00980392156863
0.0
0.027972027972
0.033462033462
0.0447501305938
0.0412985411958
0.0661170651278
0.0345721694036
0.0
0.0367571281347
0.0330578512397
0.00704225352113
0.0734939759036
0.0429594272076
0.0
0.0
0.00923076923077
0.0
0.041382790815
0.0
0.0442122186495
0.0
0.0
0.0
0.0
0.0
0.00685871056241
0.029946929492
0.0390625
0.0193348801237
0.0
0.0080971659919
0.0
0.0
0.0
0.0
0.0
0.0
0.0
0.00954773869347
0.0364864864865
0.0
0.0
0.0
0.0
0.0
0.0130533484677
0.0420654351213
0.035343035343
0.0
0.0556566024009
0.0
0.0
0.0802919708029
0.0
0.0
0.0166666666667
0.0188679245283
0.056206088993
0.0
0.0
0.027149321267
0.0
0.0412371134021
0.0
0.0
0.0
0.0
0.0
0.0
0.037037037037
0.0327620967742
0.0153846153846
0.0492063492063
0.0535714285714
0.0
0.0348189415042
0.0382695507488
0.0197368421053
0.00892857142857
0.0239130434783
0.0437361008154
0.0
0.0
0.0
0.0
0.0
0.0
0.0
0.0208333333333
0.0
0.0
0.0185277916875
0.020719738277
0.0
0.0
0.0
0.0
0.0
0.0
0.0
0.0851063829787
0.0
0.0
0.0235719376846
0.0
0.0
0.0
0.0416666666667
0.0
0.00876010781671
0.0
0.0317394888706
0.0
0.0714285714286
0.0
0.0
0.03
0.111111111111
0.0
0.0
0.0
0.0
0.0
0.0
0.0514705882353
0.0
0.0
0.0
0.0
0.0
0.0
0.0
0.0
0.0
0.0
0.0
0.0268997982515
0.0185816770552
0.0400369571913
0.0673637298594
0.0714285714286
0.0433665274655
0.0
0.0
0.0
0.0121212121212
0.0
0.0
0.0
0.0055617352614
0.0235640648012
0.0
0.046122655854
0.0
0.0294573643411
0.0
0.0
0.0
0.0
0.0
0.0256723716381
0.0396349413299
0.0
0.0
0.0
0.0
0.0
0.107011070111
0.0278128950695
0.0351923650462
0.0208816705336
0.0431034482759
0.0
0.0
0.0
0.0
0.0
0.0
0.0
0.0
0.0
0.0398517145505
0.0
0.0
0.0
0.0
0.0
0.0
0.0
0.0
0.0
0.0
0.0
0.0
0.0
0.012252042007
0.0
0.0
0.0
0.0
0.0
0.0
0.0
0.0
0.0
0.0205128205128
0.0
0.0
0.2
0.0
0.0
0.03125
0.0
0.0
0.0
0.0
0.0
0.0
0.0
0.0
0.0
0.0156944807743
0.0
0.0
0.0
0.0
0.0394088669951
0.0
0.0
0.0
0.0
0.0
0.0
0.0
0.0
0.0
0.0
0.0
0.0284149263951
0.0
0.0
0.0
0.027972027972
0.0
0.0
0.0
0.0
0.0
0.0
0.0
0.0
0.0
0.0
0.0603674540682
0.0
0.0
0.0
0.0
0.0
0.0
0.0
0.0
0.0
0.0
0.0
0.0
0.0329955411431
0.0305640455682
0.0
0.0
0.0
0.0
0.0
0.0
0.0
0.0
0.0141242937853
0.0
0.0354339538013
0.0258620689655
0.0
0.0
0.0
0.0
0.0
0.020846106683
0.0228007181329
0.0367666232073
0.0277082028804
0.0510328068044
0.015
0.0
0.0
0.0
0.0
0.0909090909091
0.0573663624511
0.222222222222
0.05
0.0225563909774
0.0
0.0267379679144
0.0
0.0413404321954
0.0
0.0406504065041
0.0282872642728
0.0
0.0256629597947
0.0538160469667
0.0
0.0208333333333
0.0892018779343
0.0
0.0
0.0
0.0
0.0
0.0208333333333
0.037323037323
0.0
0.0
0.0341679532792
0.0220588235294
0.0
0.0
0.0
0.0
0.021676300578
0.0
0.0046511627907
0.0
0.0
0.0
0.0
0.0
0.0
0.0
0.0
0.0
0.0
0.0
0.0
0.0858369098712
0.0
0.0
0.0
0.0
0.0164992826399
0.0
0.0
0.0
0.0
0.0
0.0
0.0
0.0
0.0
0.0
0.0
0.0409760589319
0.0137895812053
0.0
0.0
0.055
0.0
0.0
0.0
0.0
0.0
0.0
0.0
0.0
0.0
0.0
0.0
0.0
0.0
0.0
0.00806451612903
0.0
0.0
0.0
0.0
0.0
0.0
0.0
0.0
0.0
0.0
0.0749455337691
0.0
0.0
0.0
0.0255220417633
0.0
0.0303239145417
0.0
0.0364291433147
0.0
0.0
0.0
0.0
0.0
0.0
0.0
0.0
0.0
0.0379746835443
0.0162337662338
0.0
0.0424610051993
0.0482398956975
0.0
0.0
0.0281779661017
0.0
0.0
0.0
0.0
0.0
0.0
0.0
0.0
0.0
0.0
0.0
0.0170878459687
0.0326086956522
0.0428571428571
0.0205128205128
0.0222707423581
0.0
0.0211786372007
0.0
0.0470242468773
0.0243902439024
0.0416666666667
0.0259067357513
0.0
0.0
0.0
0.0
0.0251997541487
0.0
0.0
0.0
0.0
0.0909090909091
0.0250778691798
0.0
0.0
0.0
0.0
0.0
0.0
0.0
0.0
0.0
0.0
0.0
0.0
0.0
0.0
0.0
0.0
0.0
0.0
0.0
0.0
0.0
0.0
0.0
0.0
0.0
0.00694444444444
0.0
0.0
0.107913669065
0.0
0.111111111111
0.0
0.0
0.00985221674877
0.0
0.0240328253224
0.0443482963764
0.0111111111111
0.0
0.0
0.0305595705141
0.0
0.0294736842105
0.0331223912751
0.0
0.0276967930029
0.0
0.00777202072539
0.0
0.0
0.0317919075145
0.0244755244755
0.0
0.0
0.0689655172414
0.0
0.0
0.0
0.0
0.0
0.0331588132635
0.0
0.0833333333333
0.0654761904762
0.0
0.0
0.0
0.0
0.0
0.0699619771863
0.0
0.0
0.0
0.0
0.0
0.0397614314115
0.0
0.0
0.0
0.0302343159486
0.0586275816123
0.0
0.0472530600626
0.0
0.0235294117647
0.0
0.0425844346549
0.0
0.0789473684211
0.0
0.0
0.0
0.0
0.0
0.0
0.0
0.0
0.0361445783133
0.0
0.0
0.0261325468993
0.0
0.0
0.0537352555701
0.0186170212766
0.0169491525424
0.0
0.0
0.0
0.0263157894737
0.106557377049
0.0128205128205
0.0
0.0
0.0
0.0
0.0
0.0185185185185
0.0
0.0
0.0
0.0
0.0
0.0
0.0
0.0
0.0
0.0
0.0
0.0
0.0
0.0
0.0
0.0
0.0
0.0
0.0
0.0
0.0
0.0
0.0
0.0
0.0
0.0
0.0
0.0
0.0
0.0
0.0
0.0
0.0
0.0
0.0
0.0
0.0
0.0
0.0
0.0
0.0
0.0
0.0
0.0
0.0
0.0
0.0
0.0
0.0
0.0
0.0
0.0
0.0
0.0
0.0
0.0
0.0
0.0
0.0
0.0
0.0
0.0231481481481
0.0
0.0198675496689
0.00621118012422
0.0
0.0
0.0
0.0
0.0
0.0
0.0
0.0
0.0
0.0
0.0
0.0
0.0
0.0
0.0
0.0
0.0
0.0
0.0
0.0
0.0
0.0
0.0
0.0
0.0
0.0
0.0
0.0
0.0263490725126
0.0164122763827
0.0
0.0
0.0
0.0
0.0
0.0
0.0
0.0
0.0
0.0
0.0
0.0
0.0
0.0
0.0
0.0
0.0
0.0
0.0
0.0
0.0
0.0
0.0
0.0
0.0
0.0
0.0
0.0
0.0
0.0
0.0
0.0
0.0
0.0131578947368
0.0
0.0
0.0
0.0
0.0
0.0
0.0
0.0
0.0
0.0
0.0
0.0
0.136842105263
0.0
0.0
0.0
0.0
0.0
0.0
0.0
0.0
0.00694444444444
0.0
0.0
0.0
0.0
0.0
0.0
0.0
0.0
0.0
0.0
0.0
0.0
0.0
0.0
0.0
0.0
0.0
0.0
0.0
0.0
0.0
0.0
0.0
0.0
0.0
0.0
0.0
0.0
0.0
0.0
0.0
0.0
0.0
0.0
0.0
0.0355329949239
0.0
0.0
0.0
0.00564971751412
0.0
0.0
0.0
0.0
0.0332970620239
0.0
0.0
0.0
0.0
0.0
0.0
0.0
0.0294825511432
0.0490196078431
0.0171428571429
0.0364583333333
0.0
0.0422535211268
0.21875
0.0144230769231
0.0372272143774
0.0489945738908
0.0
0.0460491889063
0.0289855072464
0.0521415270019
0.0416
0.0833333333333
0.0673076923077
0.0
0.0
0.0
0.0
0.0126112759644
0.0230318257956
0.0
0.00854700854701
0.0
0.0
0.0
0.0
0.00398406374502
0.0
0.0
0.016
0.0
0.0
0.0
0.0
0.0294117647059
0.0
0.0
0.0
0.0
0.0277456647399
0.0
0.0
0.0
0.0
0.0146627565982
0.0
0.0300751879699
0.0
0.040293040293
0.0376175548589
0.0
0.0
0.0
0.0
0.0
0.0
0.0
0.0
0.0113636363636
0.0
0.0
0.0
0.0272887323944
0.0202794242168
0.0501342882722
0.0208955223881
0.0
0.0
0.0108108108108
0.0025
0.0270554637006
0.0
0.032967032967
0.0
0.0
0.0334210526316
0.0
0.0
0.0
0.0
0.00966183574879
0.0
0.0
0.038737446198
0.0
0.0
0.04
0.0
0.0369856680536
0.0
0.0
0.0
0.0
0.0
0.0
0.0
0.0
0.0
0.0
0.0
0.025
0.0
0.0285714285714
0.0
0.0
0.0
0.0
0.0851063829787
0.0
0.0
0.0
0.0
0.0
0.0
0.0
0.0
0.0
0.0
0.0
0.0
0.0
0.0
0.0
0.0
0.0
0.0
0.0
0.0
0.0
0.0
0.0666666666667
0.0
0.0
0.0
0.0
0.0
0.0
0.0
0.0
0.0
0.0
0.0
0.0
0.0
0.0
0.0
0.0
0.0
0.0
0.0
0.0
0.0
0.0
0.0
0.0
0.0
0.0
0.0
0.0
0.0
0.0
0.0
0.0
0.0
0.0
0.0
0.0
0.0
0.0
0.0
0.0
0.0
0.0
0.0
0.0
0.0
0.0
0.0
0.0266666666667
0.0
0.0
0.0
0.0
0.0
0.0
0.0
0.0
0.0
0.0
0.0
0.0
0.0
0.0
0.0
0.0
0.0
0.0
0.0
0.0
0.0
0.0
0.0
0.0
0.0
0.0
0.0
0.0
0.0
0.0
0.0
0.0
0.0
0.0
0.0
0.0
0.0
0.0602409638554
0.0
0.0
0.0
0.0
0.0
0.0
0.0
0.0
0.0
0.0
0.0
0.0
0.0
0.0
0.0
0.0
0.0
0.0
0.0
0.0
0.0445682451253
0.0238095238095
0.0
0.0
0.0
0.0
0.0
0.0
0.0
0.0
0.0
0.0
0.0
0.0
0.0
0.0
0.0
0.0
0.0
0.0
0.0
0.0
0.0
0.0
0.0
0.0611111111111
0.0
0.0
0.0
0.0
0.0
0.0
0.0
0.0
0.0
0.0
0.0
0.0
0.0
0.0532751091703
0.0402298850575
0.0
0.0
0.0
0.0
0.0
0.0
0.0
0.0
0.0
0.0
0.0
0.0
0.0
0.0
0.0
0.0
0.0
0.0
0.0
0.0
0.0
0.0
0.0
0.0
0.0
0.0
0.0
0.0
0.0
0.0
0.0
0.0
0.0
0.0
0.0
0.0
0.0
0.0
0.0
0.0
0.0
0.0
0.0
0.0
0.0
0.0
0.0
0.0
0.0
0.0363636363636
0.026525198939
0.0
0.0272727272727
0.0
0.0
0.0
0.0
0.0
0.0
0.0
0.0
0.0
0.0
0.0
0.0
0.0
0.0
0.0
0.0
0.0
0.0
0.0
0.0
0.0
0.0445497630332
0.0
0.0
0.0
0.0
0.0555555555556
0.0
0.0
0.0
0.0
0.0
0.0
0.0
0.0
0.0
0.0
0.0
0.0
0.0
0.0
0.0
0.0
0.0
0.0
0.0
0.0
0.0
0.0
0.0
0.0
0.0
0.0
0.0
0.0641025641026
0.0
0.0
0.0269230769231
0.0
0.0
0.0
0.0
0.0
0.0
0.0
0.0
0.0
0.0
0.0
0.0
0.0
0.0
0.0
0.0
0.0
0.0
0.0
0.0
0.0
0.0
0.0
0.0
0.0
0.0
0.0
0.0
0.0
0.0
0.0
0.0
0.0
0.0
0.0
0.0
0.0
0.0
0.0
0.0
0.0
0.0
0.0
0.0
0.0
0.0
0.0
0.0
0.0
0.0
0.0
0.0
0.0
0.0
0.0
0.125
0.0
0.0
0.0
0.0
0.0
0.0
0.0
0.0
0.0
0.0
0.0
0.0
0.0
0.0
0.0
0.0
0.0
0.0
0.0
0.0
0.0
0.0
0.0
0.0
0.0
0.0
0.0
0.0
0.0
0.0
0.0
0.0251908396947
0.0337268128162
0.0
0.0
0.0
0.0
0.0
0.0
0.0
0.0
0.0
0.0
0.0
0.0
0.0
0.0
0.0
0.0
0.0
0.0
0.0
0.0
0.0
0.0
0.0
0.0
0.0
0.0
0.0
0.0
0.0
0.0
0.0
0.0
0.0
0.0
0.0
0.0
0.0
0.0
0.0
0.0
0.0
0.0
0.0
0.0
0.0
0.0
0.0
0.0
0.0
0.125
0.0
0.0
0.0
0.0
0.0
0.0
0.0
0.0
0.0
0.0
0.0
0.0
0.0
0.0
0.0
0.0
0.0
0.0
0.0
0.0
0.0
0.0
0.0
0.0
0.0
0.0
0.0
0.0
0.0
0.0
0.0
0.0
0.0
0.0
0.0
0.0
0.0
0.0
0.0
0.0
0.0
0.0
0.0
0.0
0.0
0.0
0.0
0.0
0.0
0.0
0.0
0.0
0.0
0.0
0.0
0.0
0.0
0.0
0.0
0.0
0.0
0.0
0.0
0.0
0.0
0.0
0.0
0.0
0.0
0.0
0.0
0.0
0.0
0.0
0.0
0.0
0.0
0.0
0.0
0.0
0.0
0.0
0.0
0.0
0.0
0.0
0.0
0.0
0.0
0.0
0.0
0.0
0.106382978723
0.0
0.0
0.0
0.0
0.0
0.0
0.0
0.0
0.0
0.0
0.0
0.0
0.0
0.0
0.0
0.0
0.0
0.0
0.0416666666667
0.0
0.125
0.0
0.142857142857
0.0
0.0
0.0
0.0
0.0
0.0
0.0
0.0
0.0
0.0
0.0
0.0
0.0
0.0
0.0
0.0
0.0
0.0
0.0
0.0
0.0
0.0
0.0
0.0
0.0
0.0
0.0
0.0
0.0
0.0
0.0
0.0
0.0
0.0
0.0
0.0
0.0
0.0
0.0
0.0
0.0
0.0
0.0
0.0
0.0
0.0
0.0
0.0
0.0
0.0
0.0
0.0
0.0
0.0
0.0
0.0
0.0
0.0
0.0
0.0
0.0
0.0
0.0
0.0
0.0
0.0
0.0
0.0
0.0
0.0
0.0
0.0
0.0
0.0
0.133333333333
0.0
0.0
0.0
0.0
0.0
0.0
0.0
0.0
0.0
0.0
0.0
0.0
0.0
0.0181818181818
0.0
0.0
0.0
0.0
0.0
0.0
0.0
0.0
0.0
0.0
0.0
0.0
0.0
0.0
0.0
0.0
0.0
0.0
0.0
0.0
0.0
0.0
0.0
0.0
0.0
0.0
0.0
0.0
0.0
0.0
0.0
0.0
0.0
0.0
0.0
0.0
0.0
0.0
0.0
0.0
0.0
0.0
0.0
0.0
0.0
0.0
0.0
0.2
0.0
0.0
0.0
0.0
0.0
0.0
0.0
0.0
0.0
0.0
0.0
0.0
0.0
0.0
0.4
0.0
0.0
0.0
0.0
0.0
0.0
0.0
0.046875
0.0
0.0
0.0
0.0
0.0
0.0
0.0
0.0
0.0
0.0
0.0
0.0
0.0
0.0
0.0
0.0
0.0
0.0
0.0
0.0
0.0
0.0
0.0
0.0
0.0
0.0
0.0
0.0
0.0
0.0
0.0
0.0
0.0
0.0
0.0
0.0
0.0
0.0
0.0
0.0
0.0
0.0
0.0
0.0
0.0
0.0
0.0
0.0
0.0
0.0
0.0
0.0
0.0
0.0
0.0
0.0
0.0
0.0
0.0
0.0
0.0
0.0
0.0
0.0
0.0
0.0
0.0
0.0
0.0
0.0
0.0
0.0
0.0
0.0
0.0
0.0
0.0
0.0
0.0
0.0
0.0
0.0
0.0
0.0
0.0
0.0
0.0
0.0
0.0
0.0
0.0
0.0
0.0
0.0
0.0
0.0
0.0
0.0
0.0
0.0
0.0
0.0
0.0
0.0
0.0
0.0
0.0
0.0
0.0
0.0
0.0
0.0
0.0
0.0
0.0
0.0
0.0
0.0
0.0
0.0
0.0
0.0
0.0
0.0
0.0
0.0
0.0
0.0
0.0
0.0
0.0
0.0
0.0
0.0
0.0
0.0
0.0
0.0
0.0
0.0
0.0
0.0
0.0
0.0
0.0
0.0
0.0
0.0
0.0
0.0
0.0
0.0
0.0
0.0
0.0
0.0
0.0
0.0
0.0
0.0
0.0
0.0
0.0
0.0
0.0
0.0
0.0
0.0
0.0
0.0
0.0
0.0
0.0
0.0
0.0
0.0
0.0
0.0
0.0
0.0
0.0
0.0
0.0
0.0
0.0
0.0
0.0
0.0
0.0
0.0
0.0
0.0
0.0
0.0
0.0
0.0
0.0
0.0
0.0
0.0
0.0
0.0
0.0
0.0
0.0
0.0
0.100775193798
0.0
0.0
0.0
0.0
0.0
0.0
0.0
0.0
0.0
0.0
0.0
0.0
0.0
0.0
0.0
0.0
0.0
0.0
0.0
0.0
0.0
0.0
0.0
0.0
0.0
0.0
0.0
0.0
0.0
0.0
0.0
0.0
0.0
0.0
0.0
0.0
0.0
0.0
0.0
0.0
0.0
0.0
0.0
0.0
0.0
0.0
0.0
0.0
0.0
0.0
0.0
0.0
0.0
0.0
0.0
0.0
0.0
0.0
0.0
0.0
0.0
0.0
0.0
0.0
0.0
0.0
0.0
0.0
0.0
0.0
0.0
0.0
0.0
0.0
0.0
0.0
0.0
0.0
0.0
0.0
0.0
0.0
0.0
0.0
0.0
0.0
0.0
0.0
0.0493827160494
0.0
0.0
0.0
0.0
0.0
0.0
0.0
0.0595238095238
0.0
0.0
0.0
0.0
0.0
0.0
0.0
0.0
0.0
0.0189393939394
0.0
0.0
0.0
0.0
0.0
0.0
0.0
0.0
0.0
0.0
0.0
0.0
0.0
0.0
0.0
0.0
0.0
0.0
0.0
0.0
0.0
0.0
0.0
0.0
0.0
0.0
0.0
0.0
0.0
0.0
0.0
0.0
0.0
0.0
0.0
0.0
0.0
0.0
0.0
0.0
0.0
0.0
0.0
0.0
0.0
0.0
0.03125
0.0
0.0
0.0
0.0
0.0
0.0
0.0
0.037037037037
0.0
0.0
0.0
0.0
0.0
0.0
0.0
0.0
0.0
0.0
0.0
0.0
0.0
0.0
0.0
0.0
0.0
0.0
0.0
0.0
0.0
0.0
0.0
0.0
0.0
0.0
0.0
0.0
0.0
0.0
0.0
0.0
0.0
0.0
0.0
0.0
0.0
0.0
0.0
0.0
0.0
0.0
0.0
0.0
0.0
0.0
0.0
0.0
0.0
0.0
0.0
0.0
0.0
0.0
0.0
0.0
0.0
0.0
0.0
0.0
0.0
0.0
0.0
0.0
0.0
0.0
0.0
0.0
0.0
0.0
0.0
0.0
0.0
0.0
0.0
0.0
0.0
0.0
0.0
0.0
0.0
0.0
0.0
0.0
0.0
0.0
0.0
0.0
0.0
0.0
0.0
0.0
0.0
0.0
0.0
0.0
0.0
0.0
0.0
0.0
0.0
0.0
0.0
0.0
0.0
0.0
0.0
0.0
0.0
0.0
0.0
0.0
0.0
0.0
0.0
0.0
0.0
0.0
0.0
0.0
0.0
0.0
0.0
0.0
0.0
0.0
0.0
0.0
0.0
0.0
0.0
0.0
0.0
0.0
0.0526315789474
0.0
0.0
0.0
0.0
0.0
0.0
0.0
0.0
0.0
0.0
0.0
0.0
0.0
0.0592592592593
0.0
0.0
0.0
0.0
0.0
0.0
0.0
0.0
0.0
0.0
0.0
0.0
0.0
0.0
0.0
0.0
0.0909090909091
0.0
0.0
0.0
0.0
0.0
0.0
0.0
0.0
0.0
0.0666666666667
0.0
0.0
0.0
0.0
0.0
0.0
0.0
0.0
0.0
0.0
0.0
0.0
0.0
0.0
0.0
0.0
0.0
0.0
0.0
0.0
0.0
0.0
0.0
0.0
0.0
0.0
0.0
0.0
0.0
0.0
0.0
0.0
0.0
0.0
0.0
0.0
0.0
0.0
0.0
0.0
0.0
0.0
0.0
0.0
0.0
0.0
0.0
0.0
0.0
0.0
0.0
0.0
0.0
0.0
0.0
0.0
0.0
0.0
0.0
0.0
0.0
0.0
0.0
0.0
0.0
0.0
0.0
0.0
0.0
0.0
0.0
0.0
0.0
0.0
0.0
0.0
0.0
0.0
0.0
0.0
0.0
0.0
0.0
0.0
0.0
0.0
0.0
0.0
0.0
0.0
0.0
0.0
0.0
0.0
0.0
0.0
0.0
0.0
0.0
0.0
0.0
0.0
0.0
0.0
0.0
0.0
0.0
0.0
0.0
0.0
0.0
0.0
0.0
0.0
0.0
0.0
0.0
0.0
0.0
0.0
0.0
0.0
0.0
0.0
0.0
0.0
0.0
0.0
0.0
0.0
0.0
0.0
0.0
0.0
0.0
0.0
0.0
0.0
0.0
0.0
0.0
0.0
0.0
0.0
0.0
0.0
0.0
0.0
0.0
0.0
0.0
0.0
0.0
0.0
0.0
0.0
0.0
0.0
0.0
0.0
0.0
0.0
0.0
0.0
0.0
0.0
0.0
0.0277777777778
0.0
0.0
0.0
0.0
0.0
0.0
0.0
0.0
0.0
0.0
0.0
0.0
0.0
0.0
0.0
0.0
0.0
0.0
0.0
0.0
0.0
0.0
0.0
0.0
0.0
0.0
0.0
0.0
0.0
0.0
0.0
0.0
0.0
0.0
0.0
0.0
0.0
0.0
0.0
0.0
0.0
0.0
0.0
0.0
0.0
0.0
0.0
0.0
0.0
0.0
0.0
0.0
0.0
0.0
0.0
0.0
0.0
0.0
0.1
0.0714285714286
0.0
0.0833333333333
0.0
0.0
0.0
0.0
0.0
0.0
0.0
0.0
0.0
0.0
0.0
0.0
0.0
0.0
0.0
0.0
0.0
0.0
0.0
0.0
0.0
0.0
0.0
0.0
0.0
0.0
0.0
0.0
0.0
0.0
0.0
0.0
0.0
0.0
0.0
0.0
0.0
0.0
0.0
0.0
0.0
0.0
0.0
0.0
0.0
0.0
0.0
0.0
0.0
0.0
0.0
0.0
0.0
0.0
0.0
0.0
0.0
0.0
0.0
0.0
0.0
0.0
0.0
0.0
0.0
0.0
0.0
0.0
0.0
0.0
0.0
0.0
0.0
0.0
0.0
0.0
0.0
0.0
0.0
0.0
0.0
0.0
0.0
0.0
0.0
0.0
0.0
0.0
0.0
0.0
0.0
0.0
0.0
0.0
0.0
0.0
0.0
0.0
0.0
0.0
0.0
0.0
0.0
0.0
0.0
0.0
0.0
0.0
0.0
0.0
0.0
0.0
0.0
0.0
0.0
0.0
0.0
0.0
0.0
0.0
0.0
0.0
0.0
0.0
0.0
0.0
0.0
0.0
0.0
0.0
0.0
0.0
0.0
0.0
0.0
0.0
0.0
0.0
0.0
0.0
0.0
0.0
0.0
0.0
0.0
0.0
0.0
0.0
0.0
0.0
0.0
0.0
0.0
0.0
0.0
0.0
0.0
0.0
0.0
0.0
0.0
0.0
0.0
0.0
0.0
0.0
0.0
0.0
0.0
0.0
0.0
0.0
0.0
0.0
0.0
0.0
0.0
0.0
0.0
0.0
0.0
0.0
0.0
0.0
0.0
0.0
0.0
0.0
0.0
0.0
0.0
0.0
0.0
0.0
0.0
0.0
0.0
0.0
0.0
0.0
0.0
0.0
0.0
0.0
0.0
0.0
0.0
0.0
0.0
0.0
0.0
0.0
0.0
0.0
0.0
0.0
0.0
0.0
0.0
0.0
0.0
0.0
0.0
0.0
0.0
0.0
0.0
0.0
0.0
0.0
0.0
0.0
0.0
0.0
0.0
0.0
0.0
0.0
0.0
0.0
0.0
0.0
0.0
0.0
0.0
0.0
0.0
0.0
0.0
0.0
0.0
0.0
0.0
0.0
0.0
0.0
0.0
0.0
0.0
0.0
0.0
0.0
0.0
0.0
0.0
0.0
0.0
0.0
0.0
0.0
0.0
0.0
0.0
0.0
0.0
0.0
0.0
0.0
0.0
0.0
0.0
0.0
0.0
0.0
0.0
0.0
0.0
0.0
0.0
0.0
0.0
0.0
0.0
0.0
0.0
0.0
0.0
0.0
0.0
0.0
0.0
0.0
0.0
0.0
0.0
0.0
0.0
0.0
0.0
0.0
0.0
0.0
0.0
0.0
0.0
0.0
0.0
0.0
0.0
0.0
0.0
0.0
0.0
0.0
0.0
0.0
0.0
0.0
0.0
0.0
0.0
0.0
0.0
0.0
0.0
0.0
0.0
0.0
0.0
0.0
0.0
0.0
0.166666666667
0.0
0.0
0.0
0.0
0.0
0.0
0.0
0.0
0.0
0.0
0.0
0.0
0.0
0.0
0.0
0.0
0.0
0.0
0.0
0.0
0.0
0.0
0.0
0.0
0.0
0.0
0.0
0.0
0.0
0.0
0.0
0.0
0.0
0.0
0.0
0.0
0.0
0.0
0.0
0.0
0.0
0.0
0.0
0.0
0.0
0.0
0.0
0.0
0.0
0.0
0.0
0.0
0.0
0.0
0.0
0.0
0.0
0.0
0.0
0.0
0.0
0.0
0.0
0.0
0.0
0.0
0.0
0.0
0.0
0.0
0.0
0.0
0.0
0.0
0.0
0.0
0.0
0.0
0.0
0.0
0.0
0.0
0.0
0.0
0.0
0.0
0.0
0.0
0.0
0.0
0.0
0.0
0.0
0.0
0.0
0.0
0.0
0.0
0.0
0.0
0.0
0.0
0.0
0.0
0.0
0.0
0.0
0.0
0.0
0.0
0.0
0.0
0.0
0.0
0.0
0.0
0.0
0.0
0.0
0.0
0.0
0.0
0.0
0.0
0.0
0.0
0.0
0.0
0.0
0.0
0.0
0.0
0.0
0.0
0.0
0.0
0.0
0.0
0.0
0.0
0.0
0.0
0.0
0.0
0.0
0.0
0.0
0.0
0.0
0.0
0.0
0.0
0.0
0.0
0.0
0.0
0.0
0.0
0.0
0.0
0.0
0.0
0.0
0.0
0.0
0.0
0.0
0.0
0.0
0.0
0.0
0.0
0.0
0.0
0.0
0.0
0.0
0.0
0.0
0.0
0.0
0.0
0.0
0.0
0.0
0.0
0.0
0.0
0.0
0.0
0.0
0.0
0.0
0.0
0.0
0.0
0.0
0.0
0.0
0.0
0.0
0.0
0.0
0.0
0.0
0.0
0.0
0.0
0.0
0.0
0.0
0.0
0.0
0.0
0.0
0.0
0.0
0.0
0.0
0.0
0.0
0.0
0.0
0.0
0.0
0.0
0.0
0.0
0.0
0.0
0.0
0.0
0.0
0.0
0.0
0.0
0.0
0.0
0.0
0.0
0.0
0.0
0.0
0.0
0.0
0.0
0.0
0.0
0.0
0.0
0.0
0.0
0.0
0.0
0.0
0.0
0.0
0.0
0.0
0.0
0.0
0.0
0.0
0.0
0.0
0.0
0.0
0.0
0.0
0.0
0.0
0.0
0.0
0.0
0.0
0.0
0.0
0.0
0.0
0.0
0.0
0.0
0.0
0.0
0.0
0.0
0.0
0.0
0.0
0.0
0.0
0.0
0.0
0.0
0.0
0.0
0.0
0.0
0.0
0.0
0.0
0.0
0.0
0.0
0.0
0.0
0.0
0.0
0.0
0.0
0.0
0.0
0.0
0.0
0.0
0.0
0.0
0.0
0.0
0.0
0.0
0.0
0.0
0.0
0.0
0.0
0.0
0.0
0.0
0.0
0.0
0.0
0.0361445783133
0.0
0.0
0.0
0.0
0.0
0.0
0.0
0.0
0.0
0.0
0.0
0.0
0.0
0.0
0.0
0.0
0.0
0.0
0.0
0.0
0.0
0.0
0.0
0.0
0.0
0.0
0.0
0.0
0.0
0.0
0.0
0.0
0.0
0.0
0.0
0.0
0.0
0.0
0.0
0.0
0.0
0.0
0.0
0.0
0.0
0.0
0.0
0.0
0.0
0.0
0.0
0.0
0.0
0.0
0.0
0.0
0.0
0.0
0.0
0.0
0.0
0.0
0.0
0.0
0.0
0.0
0.0
0.0
0.0
0.0
0.0
0.0
0.0
0.0
0.0
0.0
0.0
0.0
0.0
0.0
0.0
0.0
0.0
0.0
0.0
0.0
0.0
0.0
0.0
0.0
0.0
0.0
0.0
0.0
0.0
0.0
0.0
0.0
0.0
0.0
0.0
0.0
0.0
0.0
0.0
0.0
0.0
0.0
0.0
0.0
0.0
0.0
0.0
0.0
0.0
0.0
0.0
0.0
0.0
0.0
0.0
0.0
0.0
0.0
0.0
0.0
0.0
0.0
0.0
0.0
0.0
0.0
0.0
0.0
0.0
0.0
0.0
0.0
0.0
0.0
0.0
0.0
0.0
0.0
0.0
0.0
0.0
0.0
0.0
0.0
0.0
0.0
0.0
0.0
0.0
0.0
0.0
0.0
0.0
0.0
0.0
0.0
0.0
0.0
0.0
0.0
0.0
0.0
0.0
0.0
0.0
0.0
0.0
0.0
0.0
0.0
0.0
0.0
0.0
0.0
0.0
0.0
0.0
0.0
0.0
0.0
0.0
0.0
0.0
0.0
0.0
0.0
0.0
0.0
0.0
0.0
0.0
0.0
0.0
0.0
0.0
0.0
0.0
0.0
0.0
0.0
0.0
0.0
0.0
0.0
0.0
0.0
0.0
0.0
0.0
0.0
0.0
0.0
0.0
0.0
0.0
0.0
0.0
0.0
0.0
0.0
0.0
0.0
0.0
0.0
0.0
0.0
0.0
0.0
0.0
0.0
0.0
0.0
0.0
0.0
0.0
0.0
0.0
0.0
0.0
0.0
0.0
0.0
0.0
0.0
0.0
0.0
0.0
0.0
0.0
0.0
0.0
0.0
0.0
0.0
0.0
0.0
0.0
0.0
0.0
0.0
0.0
0.0
0.0
0.0
0.0
0.0
0.0
0.0
0.0
0.0
0.0
0.0
0.0
0.0
0.0
0.0
0.0
0.0
0.0
0.0
0.0
0.0
0.0
0.0
0.0
0.0
0.0
0.0
0.0
0.0
0.0
0.0
0.0
0.0
0.0
0.0
0.0
0.0
0.0
0.0
0.0
0.0
0.0
0.0
0.0
0.0
0.0
0.0
0.0
0.0
0.0
0.0
0.0
0.0
0.0
0.0
0.0
0.0
0.0
0.0
0.0
0.0
0.0
0.0
0.0
0.0
0.0
0.0
0.0
0.0
0.0
0.0
0.0
0.0
0.0
0.0
0.0
0.0
0.0
0.0
0.0
0.0
0.0
0.0
0.0
0.0
0.0
0.0
0.0
0.0
0.0
0.0
0.0
0.0
0.0
0.0
0.0
0.0
0.0
0.0
0.0
0.0
0.0
0.0
0.0
0.0
0.0
0.0
0.0
0.0
0.0
0.0
0.0
0.0
0.0
0.0
0.0
0.0
0.0
0.0
0.0
0.0
0.0
0.0
0.0
0.0
0.0
0.0
0.0
0.0
0.0
0.0
0.0
0.0
0.0
0.0
0.0
0.0
0.0
0.0
0.0
0.0
0.0
0.0
0.0
0.0
0.0
0.0
0.0
0.0
0.0
0.0
0.0
0.0
0.0
0.0
0.0
0.0
0.0
0.0
0.0
0.0
0.0
0.0
0.0
0.0
0.0
0.0
0.0
0.0
0.0
0.0
0.0
0.0
0.0
0.0
0.0
0.0
0.0
0.0
0.0
0.0
0.0
0.0
0.0
0.0
0.0
0.0
0.0
0.0
0.0
0.0
0.0
0.0
0.0
0.0
0.0
0.0
0.0
0.0
0.0
0.0
0.0
0.0
0.0
0.0
0.0
0.0
0.0
0.0
0.0
0.0
0.0
0.0
0.0
0.0
0.0
0.0
0.0
0.0
0.0
0.0
0.0
0.0
0.0
0.0
0.0
0.0
0.0
0.0
0.0
0.0
0.0
0.0
0.0
0.0
0.0
0.0
0.0
0.0
0.0
0.0
0.0
0.0
0.0
0.0
0.0
0.0
0.0
0.0
0.0
0.0
0.0
0.0
0.0
0.0
0.0
0.0
0.0
0.0
0.0
0.0
0.0
0.0
0.0
0.0
0.0
0.0
0.0
0.0
0.0
0.0
0.0
0.0
0.0
0.0
0.0
0.0
0.0
0.0
0.0
0.0
0.0
0.0
0.0
0.0
0.0
0.0
0.0
0.0
0.0
0.0
0.0
0.0
0.0
0.0
0.0
0.0
0.0
0.0
0.0
0.0
0.0
0.0
0.0
0.0
0.0
0.0
0.0
0.0
0.0
0.0
0.0
0.0
0.0
0.0
0.0
0.0
0.0
0.0
0.0
0.0
0.0
0.0
0.0
0.0
0.0
0.0
0.0
0.0
0.0
0.0
0.0
0.0
0.0
0.0
0.0
0.0
0.0
0.0
0.0
0.0
0.0
0.0
0.0
0.0
0.0
0.0
0.0
0.0
0.0
0.0
0.0
0.0
0.0
0.0
0.0
0.0
0.0
0.0
0.0
0.0
0.0
0.0
0.0
0.0
0.0
0.0
0.0
0.0
0.0
0.0
0.0
0.0
0.0
0.0
0.0909090909091
0.0
0.0
0.0
0.0
0.0
0.0
0.0
0.0
0.0
0.0
0.0
0.0
0.0
0.0
0.0
0.0
0.0
0.0
0.0
0.0
0.0
0.0
0.0
0.0
0.0
0.0
0.0
0.0
0.0
0.0
0.0
0.0
0.0
0.0
0.0
0.0
0.0
0.0
0.0
0.0
0.0
0.0
0.0
0.0
0.0
0.0
0.0
0.0
0.0
0.0
0.0
0.0
0.0
0.0
0.0
0.0
0.0
0.0
0.0
0.0
0.0
0.0
0.0
0.0
0.0
0.0
0.0
0.0
0.0
0.0
0.0
0.0
0.0
0.0
0.0
0.0
0.0
0.0
0.0
0.0
0.0
0.0
0.0
0.0
0.0
0.0
0.0
0.0
0.0
0.0
0.0
0.0
0.0
0.0
0.0
0.0
0.0
0.0
0.0
0.0
0.0
0.0
0.0
0.0
0.0
0.0
0.0
0.0
0.0
0.0
0.0
0.0
0.0
0.0
0.0
0.0
0.0
0.0
0.0
0.0
0.0
0.0
0.0
0.0
0.0
0.0
0.0
0.0
0.0
0.0
0.0
0.0
0.0
0.0
0.0
0.0
0.0
0.0
0.0
0.0
0.0
0.0
0.0
0.0
0.0
0.0
0.0
0.0
0.0
0.0
0.0
0.0
0.0
0.0
0.0
0.0
0.0
0.0
0.0
0.0
0.0
0.0
0.0
0.0
0.0
0.0
0.0
0.0
0.0
0.0
0.0
0.0
0.0
0.0
0.0
0.0
0.0
0.0
0.0
0.0
0.0
0.0
0.0
0.0
0.0
0.0
0.0
0.0
0.0
0.0
0.0
0.0
0.0
0.0
0.0
0.0
0.0
0.0
0.0
0.0
0.0
0.0
0.0
0.0
0.0
0.0
0.0
0.0
0.0
0.0
0.0
0.0
0.0
0.0
0.0
0.0
0.0
0.0
0.0
0.0
0.0
0.0
0.0
0.0
0.0
0.0
0.0
0.0
0.0
0.0
0.0
0.0
0.0
0.0
0.0
0.0
0.0
0.0
0.0
0.0
0.0
0.0
0.0
0.0
0.0
0.0
0.0
0.0
0.0
0.0
0.0
0.0
0.0
0.0
0.0
0.0
0.0
0.0
0.0
0.0
0.0
0.0
0.0
0.0
0.0
0.0
0.0
0.0
0.0
0.0
0.0
0.0
0.0
0.0
0.0
0.0
0.0
0.0
0.0
0.0
0.0
0.0
0.0
0.0
0.0
0.0
0.0
0.0
0.0
0.0
0.0
0.0
0.0
0.0
0.0
0.0
0.0
0.0
0.0
0.0
0.0
0.0
0.0
0.0
0.0
0.0
0.0
0.0
0.0
0.0
0.0
0.0
0.0
0.0
0.0
0.0
0.0
0.0
0.0
0.0
0.0
0.0
0.0
0.0
0.0
0.0
0.0
0.0
0.0
0.0
0.0
0.0
0.0
0.0
0.0
0.0
0.0
0.0
0.0
0.0
0.0
0.0
0.0
0.0
0.0
0.0
0.0
0.0
0.0
0.0
0.0
0.0
0.0
0.0
0.0
0.0
0.0
0.0
0.0
0.0
0.0
0.0
0.0
0.0
0.0
0.0
0.0
0.0
0.0
0.0
0.0
0.0
0.0
0.0
0.0
0.0
0.0
0.0
0.0
0.0
0.0
0.0
0.0
0.0
0.0
0.0
0.0
0.0
0.0
0.0
0.0
0.0
0.0
0.0
0.0
0.0
0.0
0.0
0.0
0.0
0.0
0.0
0.0
0.0
0.0
0.0
0.0
0.0
0.0
0.0
0.0
0.0
0.0
0.0
0.0
0.0
0.0
0.0
0.0
0.0
0.0
0.0
0.0
0.0
0.0
0.0
0.0
0.0
0.0
0.0
0.0
0.0
0.0
0.0
0.0
0.0
0.0
0.0
0.0
0.0
0.0
0.0
0.0
0.0
0.0
0.0
0.0
0.0
0.0
0.0
0.0
0.0
0.0
0.0
0.0
0.0
0.0
0.0
0.0
0.0
0.0
0.0
0.0
0.0
0.0
0.0
0.0
0.0
0.0
0.0
0.0
0.0
0.0
0.0
0.0
0.0
0.0
0.0
0.0
0.0
0.0
0.0
0.0
0.0
0.0
0.0
0.0
0.0
0.0
0.0
0.0
0.0
0.0
0.0
0.0
0.0
0.0
0.0
0.0
0.0
0.0
0.0
0.0
0.0
0.0
0.0
0.0
0.0
0.0
0.0
0.0
0.0
0.0
0.0
0.0
0.0
0.0
0.0
0.0
0.0
0.0
0.0
0.0
0.0
0.0
0.0
0.0
0.0
0.0
0.0
0.0
0.0
0.0
0.0
0.0
0.0
0.0
0.0
0.0
0.0
0.0
0.0
0.0
0.0
0.0
0.0
0.0
0.0
0.0
0.0
0.0
0.0
0.0
0.0
0.0
0.0
0.0
0.0
0.0
0.0
0.0
0.0
0.0
0.0
0.0
0.0
0.0
0.0
0.0
0.0
0.0
0.0
0.0
0.0
0.0
0.0
0.0
0.0
0.0
0.0
0.0
0.0
0.0
0.0
0.0
0.0
0.0
0.0
0.0
0.0
0.0
0.0
0.0
0.0
0.0
0.0
0.0
0.0
0.0
0.0
0.0
0.0
0.0
0.0
0.0
0.0
0.0
0.0
0.0
0.0
0.0
0.0
0.0
0.0
0.0
0.0
0.0
0.0
0.0
0.0
0.0
0.0
0.0
0.0
0.0
0.0
0.0
0.0
0.0
0.0
0.0
0.0
0.0
0.0
0.0
0.0
0.0
0.0
0.0
0.0
0.0
0.0
0.0
0.0
0.0
0.0
0.0
0.0
0.0
0.0
0.0
0.0
0.0
0.0
0.0
0.0
0.0
0.0
0.0
0.0
0.0
0.0
0.0
0.0
0.0
0.0
0.0
0.0
0.0
0.0
0.0
0.0
0.0
0.0
0.0
0.0
0.0
0.0
0.0
0.0
0.0
0.0
0.0
0.0
0.0
0.0
0.0
0.0
0.0
0.0
0.0
0.0
0.0
0.0
0.0
0.0
0.0
0.0
0.0
0.0
0.0
0.0
0.0
0.0
0.0
0.0
0.0
0.0
0.0
0.0
0.0
0.0
0.0
0.0
0.0
0.0
0.0
0.0
0.0
0.0
0.0
0.0
0.0
0.0
0.0
0.0
0.0
0.0
0.0
0.0
0.0
0.0
0.0
0.0
0.0
0.0
0.0
0.0
0.0
0.0
0.0
0.0
0.0
0.0
0.0
0.0
0.0
0.0
0.0
0.0
0.0
0.0
0.0
0.0
0.0
0.0
0.0
0.0
0.0
0.0
0.0
0.0
0.0
0.0
0.0
0.0
0.0
0.0
0.0
0.0
0.0
0.0
0.0
0.0
0.0
0.0
0.0
0.0
0.0
0.0
0.0
0.0
0.0
0.0
0.0
0.0
0.0
0.0
0.0
0.0
0.0
0.0
0.0
0.0
0.0
0.0
0.0
0.0
0.0
0.0
0.0
0.0
0.0
0.0
0.0
0.0
0.0
0.0
0.0
0.0
0.0
0.0
0.0
0.0
0.0
0.0
0.0
0.0
0.0
0.0
0.0
0.0
0.0
0.0
0.0
0.0
0.0
0.0
0.0
0.0
0.0
0.0
0.0
0.0
0.0
0.0
0.0
0.0
0.0
0.0
0.0
0.0
0.0
0.0
0.0
0.0
0.0
0.0
0.0
0.0
0.0
0.0
0.0
0.0
0.0
0.0
0.0
0.0
0.0
0.0
0.0
0.0
0.0
0.0
0.0
0.0
0.0
0.0
0.0
0.0
0.0
0.0
0.0
0.0
0.0
0.0
0.0
0.0
0.0
0.0
0.0
0.0
0.0
0.0
0.0
0.0
0.0
0.0
0.0
0.0
0.0
0.0
0.0
0.0
0.0
0.0
0.0
0.0
0.0
0.0
0.0
0.0
0.0
0.0
0.0
0.0
0.0
0.0
0.0
0.0
0.0
0.0
0.0
0.0
0.0
0.0
0.0
0.0
0.0
0.0
0.0
0.0
0.0
0.0
0.0
0.0
0.0
0.0
0.0
0.0
0.0
0.0
0.0
0.0
0.0
0.0
0.0
0.0
0.0
0.0
0.0
0.0
0.0
0.0
0.0
0.0
0.0
0.0
0.0
0.0
0.0
0.0
0.0
0.0
0.0
0.0
0.0
0.0
0.0
0.0
0.0
0.0
0.0
0.0
0.0
0.0
0.0
0.0
0.0
0.0
0.0
0.0
0.0
0.0
0.0
0.0
0.0
0.0
0.0
0.0
0.0
0.0
0.0
0.0
0.0
0.0
0.0
0.0
0.0
0.0
0.0
0.0
0.0
0.0
0.0
0.0
0.0
0.0
0.0
0.0
0.0
0.0
0.0
0.0
0.0
0.0
0.0
0.0
0.0
0.0
0.0
0.0
0.0
0.0
0.0
0.0
0.0
0.0
0.0
0.0
0.0
0.0
0.0
0.0
0.0
0.0
0.0
0.0
0.0
0.0
0.0
0.0
0.0
0.0
0.0
0.0
0.0
0.0
0.0
0.0
0.0
0.0
0.0
0.0
0.0
0.0
0.0
0.0
0.0
0.0
0.0
0.0
0.0
0.0
0.0
0.0
0.0
0.0
0.0
0.0
0.0
0.0
0.0
0.0
0.0
0.0
0.0
0.0
0.0
0.0
0.0
0.0
0.0
0.0
0.0
0.0
0.0
0.0
0.0
0.0
0.0
0.0
0.0
0.0
0.0
0.0
0.0
0.0
0.0
0.0
0.0
0.0
0.0
0.0
0.0
0.0
0.0
0.0
0.0
0.0
0.0
0.0
0.0
0.0
0.0
0.0
0.0
0.0
0.0
0.0
0.0
0.0
0.0
0.0
0.0
0.0
0.0
0.0
0.0
0.0
0.0
0.0
0.0
0.0
0.0
0.0
0.0
0.0
0.0
0.0
0.0
0.0
0.0
0.0
0.0
0.0
0.0
0.0
0.0
0.0
0.0
0.0
0.0
0.0
0.0
0.0
0.0
0.0
0.0
0.0
0.0
0.0
0.0
0.0
0.0
0.0
0.0
0.0
0.0
0.0
0.0
0.0
0.0
0.0
0.0
0.0
0.0
0.0
0.0
0.0
0.0
0.0
0.0
0.0
0.0
0.0
0.0
0.0
0.0
0.0
0.0
0.0
0.0
0.0
0.0
0.0
0.0
0.0
0.0
0.0
0.0
0.0
0.0
0.0
0.0
0.0
0.0
0.0
0.0
0.0
0.0
0.0
0.0
0.0
0.0
0.0
0.0
0.0
0.0
0.0
0.0
0.0
0.0
0.0
0.0
0.0
0.0
0.0
0.0
0.0
0.0
0.0
0.0
0.0
0.0
0.0
0.0
0.0
0.0
0.0
0.0
0.0
0.0
0.0
0.0
0.0
0.0
0.0
0.0
0.0
0.0
0.0
0.0
0.0
0.0
0.0
0.0
0.0
0.0
0.0
0.0
0.0
0.0
0.0
0.0
0.0
0.0
0.0
0.0
0.0
0.0
0.0
0.0
0.0
0.0
0.0
0.0
0.0
0.0
0.0
0.0
0.0
0.0
0.0
0.0
0.0
0.0
0.0
0.0
0.0
0.0
0.0
0.0
0.0
0.0
0.0
0.0
0.0
0.0
0.0
0.0
0.0
0.0
0.0
0.0
0.0
0.0
0.0
0.0
0.0
0.0
0.0
0.0
0.0
0.0
0.0
0.0
0.0
0.0
0.0
0.0
0.0
0.0
0.0
0.0
0.0
0.0
0.0
0.0
0.0
0.0
0.0
0.0
0.0
0.0
0.0
0.0
0.0
0.0
0.0
0.0
0.0
0.0
0.0
0.0
0.0
0.0
0.0
0.0
0.0
0.0
0.0
0.0
0.0
0.0
0.0
0.0
0.0
0.0
0.0
0.0
0.0
0.0
0.0
0.0
0.0
0.0
0.0
0.0
0.0
0.0
0.0
0.0
0.0
0.0
0.0
0.0
0.0
0.0
0.0
0.0
0.0
0.0
0.0
0.0
0.0
0.0
0.0
0.0
0.0
0.0
0.0
0.0
0.0
0.0
0.0
0.0
0.0
0.0
0.0
0.0
0.0
0.0
0.0
0.0
0.0
0.0
0.0
0.0
0.0
0.0
0.0
0.0
0.0
0.0
0.0
0.0
0.0
0.0
0.0
0.0
0.0
0.0
0.0
0.0
0.0
0.0
0.0
0.0
0.0
0.0
0.0
0.0
0.0
0.0
0.0
0.0
0.0
0.0
0.0
0.0
0.0
0.0
0.0
0.0
0.0
0.0
0.0
0.0
0.0
0.0
0.0
0.0
0.0
0.0
0.0
0.0
0.0
0.0
0.0
0.0
0.0
0.0
0.0
0.0
0.0
0.0
0.0
0.0
0.0
0.0
0.0
0.0
0.0
0.0
0.0
0.0
0.0
0.0
0.0
0.0
0.0
0.0
0.0
0.0
0.0
0.0
0.0
0.0
0.0
0.0
0.0
0.0
0.0
0.0
0.0
0.0
0.0
0.0
0.0
0.0
0.0
0.0
0.0
0.0
0.0
0.0
0.0
0.0
0.0
0.0
0.0
0.0
0.0
0.0
0.0
0.0
0.0
0.0
0.0
0.0
0.0
0.0
0.0
0.0
0.0
0.0
0.0
0.0
0.0
0.0
0.0
0.0
0.0
0.0
0.0
0.0
0.0
0.0
0.0
0.0
0.0
0.0
0.0
0.0
0.0
0.0
0.0
0.0
0.0
0.0
0.0
0.0
0.0
0.0
0.0
0.0
0.0
0.0
0.0
0.0
0.0
0.0
0.0
0.0
0.0
0.0
0.0
0.0
0.0
0.0
0.0
0.0
0.0
0.0
0.0
0.0
0.0
0.0
0.0
0.0
0.0
0.0
0.0
0.0
0.0
0.0
0.0
0.0
0.0
0.0
0.0
0.0
0.0
0.0
0.0
0.0
0.0
0.0
0.0
0.0
0.0
0.0
0.0
0.0
0.0
0.0
0.0
0.0
0.0
0.0
0.0
0.0
0.0
0.0
0.0
0.0
0.0
0.0
0.0
0.0
0.0
0.0
0.0
0.0
0.0
0.0
0.0
0.0
0.0
0.0
0.0
0.0
0.0
0.0
0.0
0.0
0.0
0.0
0.0
0.0
0.0
0.0
0.0
0.0
0.0
0.0
0.0
0.0
0.0
0.0
0.0
0.0
0.0
0.0
0.0
0.0
0.0
0.0
0.0
0.0
0.0
0.0
0.0
0.0
0.0
0.0
0.0
0.0
0.0
0.0
0.0
0.0
0.0
0.0
0.0
0.0
0.0
0.0
0.0
0.0
0.0
0.0
0.0
0.0
0.0
0.0
0.0
0.0
0.0
0.0
0.0
0.0
0.0
0.0
0.0
0.0
0.0
0.0
0.0
0.0
0.0
0.0
0.0
0.0
0.0
0.0
0.0
0.0
0.0
0.0
0.0
0.0
0.0
0.0
0.0
0.0
0.0
0.0
0.0
0.0
0.0
0.0
0.0
0.0
0.0
0.0
0.0
0.0
0.0
0.0
0.0
0.0
0.0
0.0
0.0
0.0
0.0
0.0
0.0
0.0
0.0
0.0
0.0
0.0
0.0
0.0
0.0
0.0
0.0
0.0
0.0
0.0
0.0
0.0
0.0
0.0
0.0
0.0
0.0
0.0
0.0
0.0
0.0
0.0
0.0
0.0
0.0
0.0
0.0
0.0
0.0
0.0
0.0
0.0
0.0
0.0
0.0
0.0
0.0
0.0
0.0
0.0
0.0
0.0
0.0
0.0
0.0
0.0
0.0
0.0
0.0
0.0
0.0
0.0
0.0
0.0
0.0
0.0
0.0
0.0
0.0
0.0
0.0
0.0
0.0
0.0
0.0
0.0
0.0
0.0
0.0
0.0
0.0
0.0
0.0
0.0
0.0
0.0
0.0
0.0
0.0
0.0
0.0
0.0
0.0
0.0
0.0
0.0
0.0
0.0
0.0
0.0
0.0
0.0
0.0
0.0
0.0
0.0
0.0
0.0
0.0
0.0
0.0
0.0
0.0
0.0
0.0
0.0
0.0
0.0
0.0
0.0
0.0
0.0
0.0
0.0
0.0
0.0
0.0
0.0
0.0
0.0
0.0
0.0
0.0
0.0
0.0
0.0
0.0
0.0
0.0
0.0
0.0
0.0
0.0
0.0
0.0
0.0
0.0
0.0
0.0
0.0
0.0
0.0
0.0
0.0
0.0
0.0
0.0
0.0
0.0
0.0
0.0
0.0
0.0
0.0
0.0
0.0
0.0
0.0
0.0
0.0
0.0
0.0
0.0
0.0
0.0
0.0
0.0
0.0
0.0
0.0
