4734.0
78.0
45.0
51.0
40.0
54.0
42.0
44.0
39.0
38.0
44.0
44.0
44.0
44.0
35.0
34.0
24.0
35.0
36.0
19.0
27.0
29.0
38.0
19.0
30.0
22.0
26.0
21.0
28.0
30.0
27.0
26.0
19.0
28.0
33.0
22.0
10.0
22.0
30.0
28.0
23.0
20.0
23.0
29.0
20.0
21.0
29.0
31.0
30.0
24.0
24.0
26.0
19.0
26.0
28.0
19.0
17.0
29.0
21.0
18.0
23.0
21.0
12.0
21.0
22.0
19.0
12.0
14.0
8.0
14.0
8.0
15.0
13.0
12.0
19.0
9.0
6.0
14.0
10.0
11.0
7.0
14.0
14.0
8.0
5.0
8.0
3.0
6.0
11.0
7.0
11.0
2.0
4.0
8.0
6.0
6.0
1.0
8.0
0.0
5.0
6.0
10.0
1.0
1.0
7.0
7.0
2.0
5.0
3.0
3.0
5.0
2.0
1.0
3.0
1.0
4.0
3.0
6.0
3.0
0.0
0.0
1.0
3.0
1.0
2.0
0.0
2.0
2.0
3.0
1.0
2.0
2.0
1.0
2.0
2.0
3.0
3.0
1.0
0.0
1.0
2.0
2.0
0.0
0.0
2.0
3.0
1.0
1.0
1.0
4.0
0.0
1.0
0.0
2.0
1.0
1.0
0.0
0.0
2.0
0.0
1.0
0.0
4.0
0.0
2.0
2.0
0.0
1.0
0.0
0.0
1.0
0.0
0.0
1.0
0.0
2.0
0.0
0.0
1.0
0.0
0.0
3.0
0.0
0.0
0.0
0.0
2.0
0.0
1.0
1.0
1.0
1.0
2.0
2.0
0.0
2.0
0.0
1.0
0.0
0.0
0.0
0.0
0.0
1.0
0.0
0.0
0.0
0.0
1.0
0.0
0.0
0.0
0.0
1.0
0.0
0.0
0.0
1.0
0.0
1.0
0.0
0.0
0.0
1.0
0.0
0.0
0.0
0.0
1.0
0.0
0.0
1.0
1.0
0.0
0.0
0.0
0.0
0.0
0.0
0.0
0.0
0.0
0.0
0.0
1.0
1.0
0.0
0.0
0.0
0.0
0.0
0.0
0.0
0.0
1.0
0.0
0.0
0.0
0.0
1.0
0.0
0.0
0.0
0.0
1.0
1.0
1.0
0.0
0.0
0.0
0.0
0.0
1.0
0.0
1.0
0.0
0.0
0.0
0.0
0.0
0.0
0.0
0.0
0.0
0.0
0.0
0.0
0.0
0.0
0.0
0.0
0.0
0.0
0.0
0.0
0.0
0.0
0.0
0.0
0.0
0.0
0.0
0.0
0.0
0.0
0.0
0.0
0.0
0.0
1.0
0.0
0.0
0.0
0.0
0.0
0.0
0.0
0.0
0.0
0.0
0.0
0.0
0.0
0.0
0.0
0.0
0.0
0.0
0.0
0.0
0.0
1.0
0.0
0.0
0.0
0.0
0.0
0.0
0.0
0.0
1.0
0.0
0.0
0.0
0.0
0.0
0.0
0.0
0.0
0.0
0.0
0.0
0.0
0.0
0.0
0.0
0.0
0.0
0.0
0.0
0.0
1.0
0.0
0.0
0.0
0.0
0.0
0.0
0.0
0.0
0.0
0.0
0.0
0.0
0.0
0.0
0.0
0.0
0.0
0.0
0.0
0.0
0.0
0.0
0.0
0.0
0.0
0.0
0.0
0.0
0.0
0.0
0.0
0.0
0.0
0.0
0.0
0.0
0.0
0.0
0.0
0.0
0.0
0.0
0.0
0.0
0.0
0.0
0.0
0.0
0.0
0.0
0.0
0.0
0.0
0.0
0.0
0.0
0.0
0.0
0.0
0.0
0.0
0.0
0.0
0.0
0.0
0.0
0.0
0.0
0.0
0.0
0.0
0.0
0.0
0.0
0.0
0.0
0.0
0.0
0.0
0.0
0.0
0.0
0.0
0.0
0.0
0.0
0.0
0.0
0.0
0.0
0.0
0.0
0.0
0.0
0.0
1.0
