(0.1294622215844773, 0.00301666714835618)
(0.16215727852978534, 0.0035034245803928932)
(0.2110723149609647, 0.0042255416502820714)
(0.2701062376769078, 0.004954635039225985)
(0.32724818375557363, 0.005638228118832204)
(0.39404133650079987, 0.006561425095678184)
(0.47684188708725944, 0.007476998107722233)
(0.5890849954560673, 0.009123876063989927)
(0.7068339684209967, 0.010251361452859743)
(0.8524098786690263, 0.011477440631150347)
(1.0255576282265908, 0.012763956857815173)
(1.2213028066091633, 0.01419822974494191)
(1.4856480817163842, 0.01589822922636541)
(1.7732923050759182, 0.017524398629109927)
(2.159276797244942, 0.019840347559006207)
(2.6244904683705084, 0.022312673260472093)
(3.211832294340545, 0.025157059249395156)
(3.938946551659997, 0.028452599201375044)
(4.791654044631517, 0.0320582332382266)
(5.953880412195809, 0.0370020274799026)
(7.26908053124153, 0.04203539955383975)
(8.843587740416554, 0.04765444902749928)
(10.508229566918045, 0.05323828187177284)
(12.596312771373755, 0.05993357179958428)
(14.952695269526952, 0.06728250316770695)
(17.693234057705286, 0.0752820911739279)
