(0.009574766228554358, 0.00021758016299306258)
(0.011464028814983712, 0.0002371020330438351)
(0.014261944532546924, 0.000263132187338106)
(0.017600224472906895, 0.0002913675240036472)
(0.020431297079151253, 0.000312711425613365)
(0.023935601712215038, 0.00033729023349600586)
(0.028162807199668027, 0.0003647754028588849)
(0.03348635207617392, 0.0003963559532612845)
(0.0393352670064765, 0.0004277568552109522)
(0.046143135067593904, 0.00046076462819759654)
(0.05447603130272919, 0.0004978916569474991)
(0.06378237378204177, 0.0005358951288607293)
(0.0768073531076542, 0.0005831367073597843)
(0.09041587699534681, 0.0006269175940179532)
(0.10793623188816748, 0.0006772470532181405)
(0.12894078436555395, 0.0007293763901952195)
(0.15549738761621512, 0.0007863786663937293)
(0.18484904792181317, 0.0008394344713898316)
(0.2166703912076911, 0.00088651418984227)
(0.2577702114145544, 0.0009357120732011166)
(0.3028598240311206, 0.0009756484042735853)
(0.35242970952182, 0.0010054178433125229)
(0.40153461142742775, 0.001020595827952252)
(0.4612715773148993, 0.0010225719635600385)
(0.5229344002782629, 0.0010035714176086666)
(0.591197296575016, 0.0009582937675674077)
