[array([ 186023.,       0.,       0.,       0.,       0.,       0.,
             0.,       0.,       0.,       0.,       0.,       0.,
             0.,       0.,       0.,       0.,       0.,       0.,
             0.,       0.,       0.,       0.,       0.,       0.,
             0.,       0.,       0.,       0.,       0.,       0.,
             0.,       0.,       0.,       0.,       0.,       0.,
             0.,       0.,       0.,       0.,       0.,       0.,
             0.,       0.,       0.,       0.,       0.,       0.,
             0.,       0.,       0.,       0.,       0.,       0.,
             0.,       0.,       0.,       0.,       0.,       0.,
             0.,       0.,       0.,       0.,       0.,       0.,
             0.,       0.,       0.,       0.,       0.,       0.,
             0.,       0.,       0.,       0.,       0.,       0.,
             0.,       0.,       0.,       0.,       0.,       0.,
             0.,       0.,       0.,       0.,       0.,       0.,
             0.,       0.,       0.,       0.,       0.,       0.,
             0.,       0.,       0.,       0.]), array([  0.00000000e+00,   1.00000000e-05,   2.00000000e-05,
         3.00000000e-05,   4.00000000e-05,   5.00000000e-05,
         6.00000000e-05,   7.00000000e-05,   8.00000000e-05,
         9.00000000e-05,   1.00000000e-04,   1.10000000e-04,
         1.20000000e-04,   1.30000000e-04,   1.40000000e-04,
         1.50000000e-04,   1.60000000e-04,   1.70000000e-04,
         1.80000000e-04,   1.90000000e-04,   2.00000000e-04,
         2.10000000e-04,   2.20000000e-04,   2.30000000e-04,
         2.40000000e-04,   2.50000000e-04,   2.60000000e-04,
         2.70000000e-04,   2.80000000e-04,   2.90000000e-04,
         3.00000000e-04,   3.10000000e-04,   3.20000000e-04,
         3.30000000e-04,   3.40000000e-04,   3.50000000e-04,
         3.60000000e-04,   3.70000000e-04,   3.80000000e-04,
         3.90000000e-04,   4.00000000e-04,   4.10000000e-04,
         4.20000000e-04,   4.30000000e-04,   4.40000000e-04,
         4.50000000e-04,   4.60000000e-04,   4.70000000e-04,
         4.80000000e-04,   4.90000000e-04,   5.00000000e-04,
         5.10000000e-04,   5.20000000e-04,   5.30000000e-04,
         5.40000000e-04,   5.50000000e-04,   5.60000000e-04,
         5.70000000e-04,   5.80000000e-04,   5.90000000e-04,
         6.00000000e-04,   6.10000000e-04,   6.20000000e-04,
         6.30000000e-04,   6.40000000e-04,   6.50000000e-04,
         6.60000000e-04,   6.70000000e-04,   6.80000000e-04,
         6.90000000e-04,   7.00000000e-04,   7.10000000e-04,
         7.20000000e-04,   7.30000000e-04,   7.40000000e-04,
         7.50000000e-04,   7.60000000e-04,   7.70000000e-04,
         7.80000000e-04,   7.90000000e-04,   8.00000000e-04,
         8.10000000e-04,   8.20000000e-04,   8.30000000e-04,
         8.40000000e-04,   8.50000000e-04,   8.60000000e-04,
         8.70000000e-04,   8.80000000e-04,   8.90000000e-04,
         9.00000000e-04,   9.10000000e-04,   9.20000000e-04,
         9.30000000e-04,   9.40000000e-04,   9.50000000e-04,
         9.60000000e-04,   9.70000000e-04,   9.80000000e-04,
         9.90000000e-04,   1.00000000e-03])]
[array([ 185558.,       0.,       0.,       0.,       0.,       0.,
             0.,       0.,       0.,       0.,       0.,       0.,
             0.,       0.,       0.,       0.,       0.,       0.,
             0.,       0.,       0.,       0.,       0.,       0.,
             0.,       0.,       0.,       0.,       0.,       0.,
             0.,       0.,       0.,       0.,       0.,       0.,
             0.,       0.,       0.,       0.,       0.,       0.,
             0.,       0.,       0.,       0.,       0.,       0.,
             0.,       0.,       0.,       0.,       0.,       0.,
             0.,       0.,       0.,       0.,       0.,       0.,
             0.,       0.,       0.,       0.,       0.,       0.,
             0.,       0.,       0.,       0.,       0.,       0.,
             0.,       0.,       0.,       0.,       0.,       0.,
             0.,       0.,       0.,       0.,       0.,       0.,
             0.,       0.,       0.,       0.,       0.,       0.,
             0.,       0.,       0.,       0.,       0.,       0.,
             0.,       0.,       0.,       0.]), array([  0.00000000e+00,   1.00000000e-05,   2.00000000e-05,
         3.00000000e-05,   4.00000000e-05,   5.00000000e-05,
         6.00000000e-05,   7.00000000e-05,   8.00000000e-05,
         9.00000000e-05,   1.00000000e-04,   1.10000000e-04,
         1.20000000e-04,   1.30000000e-04,   1.40000000e-04,
         1.50000000e-04,   1.60000000e-04,   1.70000000e-04,
         1.80000000e-04,   1.90000000e-04,   2.00000000e-04,
         2.10000000e-04,   2.20000000e-04,   2.30000000e-04,
         2.40000000e-04,   2.50000000e-04,   2.60000000e-04,
         2.70000000e-04,   2.80000000e-04,   2.90000000e-04,
         3.00000000e-04,   3.10000000e-04,   3.20000000e-04,
         3.30000000e-04,   3.40000000e-04,   3.50000000e-04,
         3.60000000e-04,   3.70000000e-04,   3.80000000e-04,
         3.90000000e-04,   4.00000000e-04,   4.10000000e-04,
         4.20000000e-04,   4.30000000e-04,   4.40000000e-04,
         4.50000000e-04,   4.60000000e-04,   4.70000000e-04,
         4.80000000e-04,   4.90000000e-04,   5.00000000e-04,
         5.10000000e-04,   5.20000000e-04,   5.30000000e-04,
         5.40000000e-04,   5.50000000e-04,   5.60000000e-04,
         5.70000000e-04,   5.80000000e-04,   5.90000000e-04,
         6.00000000e-04,   6.10000000e-04,   6.20000000e-04,
         6.30000000e-04,   6.40000000e-04,   6.50000000e-04,
         6.60000000e-04,   6.70000000e-04,   6.80000000e-04,
         6.90000000e-04,   7.00000000e-04,   7.10000000e-04,
         7.20000000e-04,   7.30000000e-04,   7.40000000e-04,
         7.50000000e-04,   7.60000000e-04,   7.70000000e-04,
         7.80000000e-04,   7.90000000e-04,   8.00000000e-04,
         8.10000000e-04,   8.20000000e-04,   8.30000000e-04,
         8.40000000e-04,   8.50000000e-04,   8.60000000e-04,
         8.70000000e-04,   8.80000000e-04,   8.90000000e-04,
         9.00000000e-04,   9.10000000e-04,   9.20000000e-04,
         9.30000000e-04,   9.40000000e-04,   9.50000000e-04,
         9.60000000e-04,   9.70000000e-04,   9.80000000e-04,
         9.90000000e-04,   1.00000000e-03])]
[array([ 184866.,       0.,       0.,       0.,       0.,       0.,
             0.,       0.,       0.,       0.,       0.,       0.,
             0.,       0.,       0.,       0.,       0.,       0.,
             0.,       0.,       0.,       0.,       0.,       0.,
             0.,       0.,       0.,       0.,       0.,       0.,
             0.,       0.,       0.,       0.,       0.,       0.,
             0.,       0.,       0.,       0.,       0.,       0.,
             0.,       0.,       0.,       0.,       0.,       0.,
             0.,       0.,       0.,       0.,       0.,       0.,
             0.,       0.,       0.,       0.,       0.,       0.,
             0.,       0.,       0.,       0.,       0.,       0.,
             0.,       0.,       0.,       0.,       0.,       0.,
             0.,       0.,       0.,       0.,       0.,       0.,
             0.,       0.,       0.,       0.,       0.,       0.,
             0.,       0.,       0.,       0.,       0.,       0.,
             0.,       0.,       0.,       0.,       0.,       0.,
             0.,       0.,       0.,       0.]), array([  0.00000000e+00,   1.00000000e-05,   2.00000000e-05,
         3.00000000e-05,   4.00000000e-05,   5.00000000e-05,
         6.00000000e-05,   7.00000000e-05,   8.00000000e-05,
         9.00000000e-05,   1.00000000e-04,   1.10000000e-04,
         1.20000000e-04,   1.30000000e-04,   1.40000000e-04,
         1.50000000e-04,   1.60000000e-04,   1.70000000e-04,
         1.80000000e-04,   1.90000000e-04,   2.00000000e-04,
         2.10000000e-04,   2.20000000e-04,   2.30000000e-04,
         2.40000000e-04,   2.50000000e-04,   2.60000000e-04,
         2.70000000e-04,   2.80000000e-04,   2.90000000e-04,
         3.00000000e-04,   3.10000000e-04,   3.20000000e-04,
         3.30000000e-04,   3.40000000e-04,   3.50000000e-04,
         3.60000000e-04,   3.70000000e-04,   3.80000000e-04,
         3.90000000e-04,   4.00000000e-04,   4.10000000e-04,
         4.20000000e-04,   4.30000000e-04,   4.40000000e-04,
         4.50000000e-04,   4.60000000e-04,   4.70000000e-04,
         4.80000000e-04,   4.90000000e-04,   5.00000000e-04,
         5.10000000e-04,   5.20000000e-04,   5.30000000e-04,
         5.40000000e-04,   5.50000000e-04,   5.60000000e-04,
         5.70000000e-04,   5.80000000e-04,   5.90000000e-04,
         6.00000000e-04,   6.10000000e-04,   6.20000000e-04,
         6.30000000e-04,   6.40000000e-04,   6.50000000e-04,
         6.60000000e-04,   6.70000000e-04,   6.80000000e-04,
         6.90000000e-04,   7.00000000e-04,   7.10000000e-04,
         7.20000000e-04,   7.30000000e-04,   7.40000000e-04,
         7.50000000e-04,   7.60000000e-04,   7.70000000e-04,
         7.80000000e-04,   7.90000000e-04,   8.00000000e-04,
         8.10000000e-04,   8.20000000e-04,   8.30000000e-04,
         8.40000000e-04,   8.50000000e-04,   8.60000000e-04,
         8.70000000e-04,   8.80000000e-04,   8.90000000e-04,
         9.00000000e-04,   9.10000000e-04,   9.20000000e-04,
         9.30000000e-04,   9.40000000e-04,   9.50000000e-04,
         9.60000000e-04,   9.70000000e-04,   9.80000000e-04,
         9.90000000e-04,   1.00000000e-03])]
[array([ 184055.,       0.,       0.,       0.,       0.,       0.,
             0.,       0.,       0.,       0.,       0.,       0.,
             0.,       0.,       0.,       0.,       0.,       0.,
             0.,       0.,       0.,       0.,       0.,       0.,
             0.,       0.,       0.,       0.,       0.,       0.,
             0.,       0.,       0.,       0.,       0.,       0.,
             0.,       0.,       0.,       0.,       0.,       0.,
             0.,       0.,       0.,       0.,       0.,       0.,
             0.,       0.,       0.,       0.,       0.,       0.,
             0.,       0.,       0.,       0.,       0.,       0.,
             0.,       0.,       0.,       0.,       0.,       0.,
             0.,       0.,       0.,       0.,       0.,       0.,
             0.,       0.,       0.,       0.,       0.,       0.,
             0.,       0.,       0.,       0.,       0.,       0.,
             0.,       0.,       0.,       0.,       0.,       0.,
             0.,       0.,       0.,       0.,       0.,       0.,
             0.,       0.,       0.,       0.]), array([  0.00000000e+00,   1.00000000e-05,   2.00000000e-05,
         3.00000000e-05,   4.00000000e-05,   5.00000000e-05,
         6.00000000e-05,   7.00000000e-05,   8.00000000e-05,
         9.00000000e-05,   1.00000000e-04,   1.10000000e-04,
         1.20000000e-04,   1.30000000e-04,   1.40000000e-04,
         1.50000000e-04,   1.60000000e-04,   1.70000000e-04,
         1.80000000e-04,   1.90000000e-04,   2.00000000e-04,
         2.10000000e-04,   2.20000000e-04,   2.30000000e-04,
         2.40000000e-04,   2.50000000e-04,   2.60000000e-04,
         2.70000000e-04,   2.80000000e-04,   2.90000000e-04,
         3.00000000e-04,   3.10000000e-04,   3.20000000e-04,
         3.30000000e-04,   3.40000000e-04,   3.50000000e-04,
         3.60000000e-04,   3.70000000e-04,   3.80000000e-04,
         3.90000000e-04,   4.00000000e-04,   4.10000000e-04,
         4.20000000e-04,   4.30000000e-04,   4.40000000e-04,
         4.50000000e-04,   4.60000000e-04,   4.70000000e-04,
         4.80000000e-04,   4.90000000e-04,   5.00000000e-04,
         5.10000000e-04,   5.20000000e-04,   5.30000000e-04,
         5.40000000e-04,   5.50000000e-04,   5.60000000e-04,
         5.70000000e-04,   5.80000000e-04,   5.90000000e-04,
         6.00000000e-04,   6.10000000e-04,   6.20000000e-04,
         6.30000000e-04,   6.40000000e-04,   6.50000000e-04,
         6.60000000e-04,   6.70000000e-04,   6.80000000e-04,
         6.90000000e-04,   7.00000000e-04,   7.10000000e-04,
         7.20000000e-04,   7.30000000e-04,   7.40000000e-04,
         7.50000000e-04,   7.60000000e-04,   7.70000000e-04,
         7.80000000e-04,   7.90000000e-04,   8.00000000e-04,
         8.10000000e-04,   8.20000000e-04,   8.30000000e-04,
         8.40000000e-04,   8.50000000e-04,   8.60000000e-04,
         8.70000000e-04,   8.80000000e-04,   8.90000000e-04,
         9.00000000e-04,   9.10000000e-04,   9.20000000e-04,
         9.30000000e-04,   9.40000000e-04,   9.50000000e-04,
         9.60000000e-04,   9.70000000e-04,   9.80000000e-04,
         9.90000000e-04,   1.00000000e-03])]
[array([ 183344.,       0.,       0.,       0.,       0.,       0.,
             0.,       0.,       0.,       0.,       0.,       0.,
             0.,       0.,       0.,       0.,       0.,       0.,
             0.,       0.,       0.,       0.,       0.,       0.,
             0.,       0.,       0.,       0.,       0.,       0.,
             0.,       0.,       0.,       0.,       0.,       0.,
             0.,       0.,       0.,       0.,       0.,       0.,
             0.,       0.,       0.,       0.,       0.,       0.,
             0.,       0.,       0.,       0.,       0.,       0.,
             0.,       0.,       0.,       0.,       0.,       0.,
             0.,       0.,       0.,       0.,       0.,       0.,
             0.,       0.,       0.,       0.,       0.,       0.,
             0.,       0.,       0.,       0.,       0.,       0.,
             0.,       0.,       0.,       0.,       0.,       0.,
             0.,       0.,       0.,       0.,       0.,       0.,
             0.,       0.,       0.,       0.,       0.,       0.,
             0.,       0.,       0.,       0.]), array([  0.00000000e+00,   1.00000000e-05,   2.00000000e-05,
         3.00000000e-05,   4.00000000e-05,   5.00000000e-05,
         6.00000000e-05,   7.00000000e-05,   8.00000000e-05,
         9.00000000e-05,   1.00000000e-04,   1.10000000e-04,
         1.20000000e-04,   1.30000000e-04,   1.40000000e-04,
         1.50000000e-04,   1.60000000e-04,   1.70000000e-04,
         1.80000000e-04,   1.90000000e-04,   2.00000000e-04,
         2.10000000e-04,   2.20000000e-04,   2.30000000e-04,
         2.40000000e-04,   2.50000000e-04,   2.60000000e-04,
         2.70000000e-04,   2.80000000e-04,   2.90000000e-04,
         3.00000000e-04,   3.10000000e-04,   3.20000000e-04,
         3.30000000e-04,   3.40000000e-04,   3.50000000e-04,
         3.60000000e-04,   3.70000000e-04,   3.80000000e-04,
         3.90000000e-04,   4.00000000e-04,   4.10000000e-04,
         4.20000000e-04,   4.30000000e-04,   4.40000000e-04,
         4.50000000e-04,   4.60000000e-04,   4.70000000e-04,
         4.80000000e-04,   4.90000000e-04,   5.00000000e-04,
         5.10000000e-04,   5.20000000e-04,   5.30000000e-04,
         5.40000000e-04,   5.50000000e-04,   5.60000000e-04,
         5.70000000e-04,   5.80000000e-04,   5.90000000e-04,
         6.00000000e-04,   6.10000000e-04,   6.20000000e-04,
         6.30000000e-04,   6.40000000e-04,   6.50000000e-04,
         6.60000000e-04,   6.70000000e-04,   6.80000000e-04,
         6.90000000e-04,   7.00000000e-04,   7.10000000e-04,
         7.20000000e-04,   7.30000000e-04,   7.40000000e-04,
         7.50000000e-04,   7.60000000e-04,   7.70000000e-04,
         7.80000000e-04,   7.90000000e-04,   8.00000000e-04,
         8.10000000e-04,   8.20000000e-04,   8.30000000e-04,
         8.40000000e-04,   8.50000000e-04,   8.60000000e-04,
         8.70000000e-04,   8.80000000e-04,   8.90000000e-04,
         9.00000000e-04,   9.10000000e-04,   9.20000000e-04,
         9.30000000e-04,   9.40000000e-04,   9.50000000e-04,
         9.60000000e-04,   9.70000000e-04,   9.80000000e-04,
         9.90000000e-04,   1.00000000e-03])]
[array([ 182477.,       0.,       0.,       0.,       0.,       0.,
             0.,       0.,       0.,       0.,       0.,       0.,
             0.,       0.,       0.,       0.,       0.,       0.,
             0.,       0.,       0.,       0.,       0.,       0.,
             0.,       0.,       0.,       0.,       0.,       0.,
             0.,       0.,       0.,       0.,       0.,       0.,
             0.,       0.,       0.,       0.,       0.,       0.,
             0.,       0.,       0.,       0.,       0.,       0.,
             0.,       0.,       0.,       0.,       0.,       0.,
             0.,       0.,       0.,       0.,       0.,       0.,
             0.,       0.,       0.,       0.,       0.,       0.,
             0.,       0.,       0.,       0.,       0.,       0.,
             0.,       0.,       0.,       0.,       0.,       0.,
             0.,       0.,       0.,       0.,       0.,       0.,
             0.,       0.,       0.,       0.,       0.,       0.,
             0.,       0.,       0.,       0.,       0.,       0.,
             0.,       0.,       0.,       0.]), array([  0.00000000e+00,   1.00000000e-05,   2.00000000e-05,
         3.00000000e-05,   4.00000000e-05,   5.00000000e-05,
         6.00000000e-05,   7.00000000e-05,   8.00000000e-05,
         9.00000000e-05,   1.00000000e-04,   1.10000000e-04,
         1.20000000e-04,   1.30000000e-04,   1.40000000e-04,
         1.50000000e-04,   1.60000000e-04,   1.70000000e-04,
         1.80000000e-04,   1.90000000e-04,   2.00000000e-04,
         2.10000000e-04,   2.20000000e-04,   2.30000000e-04,
         2.40000000e-04,   2.50000000e-04,   2.60000000e-04,
         2.70000000e-04,   2.80000000e-04,   2.90000000e-04,
         3.00000000e-04,   3.10000000e-04,   3.20000000e-04,
         3.30000000e-04,   3.40000000e-04,   3.50000000e-04,
         3.60000000e-04,   3.70000000e-04,   3.80000000e-04,
         3.90000000e-04,   4.00000000e-04,   4.10000000e-04,
         4.20000000e-04,   4.30000000e-04,   4.40000000e-04,
         4.50000000e-04,   4.60000000e-04,   4.70000000e-04,
         4.80000000e-04,   4.90000000e-04,   5.00000000e-04,
         5.10000000e-04,   5.20000000e-04,   5.30000000e-04,
         5.40000000e-04,   5.50000000e-04,   5.60000000e-04,
         5.70000000e-04,   5.80000000e-04,   5.90000000e-04,
         6.00000000e-04,   6.10000000e-04,   6.20000000e-04,
         6.30000000e-04,   6.40000000e-04,   6.50000000e-04,
         6.60000000e-04,   6.70000000e-04,   6.80000000e-04,
         6.90000000e-04,   7.00000000e-04,   7.10000000e-04,
         7.20000000e-04,   7.30000000e-04,   7.40000000e-04,
         7.50000000e-04,   7.60000000e-04,   7.70000000e-04,
         7.80000000e-04,   7.90000000e-04,   8.00000000e-04,
         8.10000000e-04,   8.20000000e-04,   8.30000000e-04,
         8.40000000e-04,   8.50000000e-04,   8.60000000e-04,
         8.70000000e-04,   8.80000000e-04,   8.90000000e-04,
         9.00000000e-04,   9.10000000e-04,   9.20000000e-04,
         9.30000000e-04,   9.40000000e-04,   9.50000000e-04,
         9.60000000e-04,   9.70000000e-04,   9.80000000e-04,
         9.90000000e-04,   1.00000000e-03])]
[array([ 181449.,       0.,       0.,       0.,       0.,       0.,
             0.,       0.,       0.,       0.,       0.,       0.,
             0.,       0.,       0.,       0.,       0.,       0.,
             0.,       0.,       0.,       0.,       0.,       0.,
             0.,       0.,       0.,       0.,       0.,       0.,
             0.,       0.,       0.,       0.,       0.,       0.,
             0.,       0.,       0.,       0.,       0.,       0.,
             0.,       0.,       0.,       0.,       0.,       0.,
             0.,       0.,       0.,       0.,       0.,       0.,
             0.,       0.,       0.,       0.,       0.,       0.,
             0.,       0.,       0.,       0.,       0.,       0.,
             0.,       0.,       0.,       0.,       0.,       0.,
             0.,       0.,       0.,       0.,       0.,       0.,
             0.,       0.,       0.,       0.,       0.,       0.,
             0.,       0.,       0.,       0.,       0.,       0.,
             0.,       0.,       0.,       0.,       0.,       0.,
             0.,       0.,       0.,       0.]), array([  0.00000000e+00,   1.00000000e-05,   2.00000000e-05,
         3.00000000e-05,   4.00000000e-05,   5.00000000e-05,
         6.00000000e-05,   7.00000000e-05,   8.00000000e-05,
         9.00000000e-05,   1.00000000e-04,   1.10000000e-04,
         1.20000000e-04,   1.30000000e-04,   1.40000000e-04,
         1.50000000e-04,   1.60000000e-04,   1.70000000e-04,
         1.80000000e-04,   1.90000000e-04,   2.00000000e-04,
         2.10000000e-04,   2.20000000e-04,   2.30000000e-04,
         2.40000000e-04,   2.50000000e-04,   2.60000000e-04,
         2.70000000e-04,   2.80000000e-04,   2.90000000e-04,
         3.00000000e-04,   3.10000000e-04,   3.20000000e-04,
         3.30000000e-04,   3.40000000e-04,   3.50000000e-04,
         3.60000000e-04,   3.70000000e-04,   3.80000000e-04,
         3.90000000e-04,   4.00000000e-04,   4.10000000e-04,
         4.20000000e-04,   4.30000000e-04,   4.40000000e-04,
         4.50000000e-04,   4.60000000e-04,   4.70000000e-04,
         4.80000000e-04,   4.90000000e-04,   5.00000000e-04,
         5.10000000e-04,   5.20000000e-04,   5.30000000e-04,
         5.40000000e-04,   5.50000000e-04,   5.60000000e-04,
         5.70000000e-04,   5.80000000e-04,   5.90000000e-04,
         6.00000000e-04,   6.10000000e-04,   6.20000000e-04,
         6.30000000e-04,   6.40000000e-04,   6.50000000e-04,
         6.60000000e-04,   6.70000000e-04,   6.80000000e-04,
         6.90000000e-04,   7.00000000e-04,   7.10000000e-04,
         7.20000000e-04,   7.30000000e-04,   7.40000000e-04,
         7.50000000e-04,   7.60000000e-04,   7.70000000e-04,
         7.80000000e-04,   7.90000000e-04,   8.00000000e-04,
         8.10000000e-04,   8.20000000e-04,   8.30000000e-04,
         8.40000000e-04,   8.50000000e-04,   8.60000000e-04,
         8.70000000e-04,   8.80000000e-04,   8.90000000e-04,
         9.00000000e-04,   9.10000000e-04,   9.20000000e-04,
         9.30000000e-04,   9.40000000e-04,   9.50000000e-04,
         9.60000000e-04,   9.70000000e-04,   9.80000000e-04,
         9.90000000e-04,   1.00000000e-03])]
[array([ 180144.,       0.,       0.,       0.,       0.,       0.,
             0.,       0.,       0.,       0.,       0.,       0.,
             0.,       0.,       0.,       0.,       0.,       0.,
             0.,       0.,       0.,       0.,       0.,       0.,
             0.,       0.,       0.,       0.,       0.,       0.,
             0.,       0.,       0.,       0.,       0.,       0.,
             0.,       0.,       0.,       0.,       0.,       0.,
             0.,       0.,       0.,       0.,       0.,       0.,
             0.,       0.,       0.,       0.,       0.,       0.,
             0.,       0.,       0.,       0.,       0.,       0.,
             0.,       0.,       0.,       0.,       0.,       0.,
             0.,       0.,       0.,       0.,       0.,       0.,
             0.,       0.,       0.,       0.,       0.,       0.,
             0.,       0.,       0.,       0.,       0.,       0.,
             0.,       0.,       0.,       0.,       0.,       0.,
             0.,       0.,       0.,       0.,       0.,       0.,
             0.,       0.,       0.,       0.]), array([  0.00000000e+00,   1.00000000e-05,   2.00000000e-05,
         3.00000000e-05,   4.00000000e-05,   5.00000000e-05,
         6.00000000e-05,   7.00000000e-05,   8.00000000e-05,
         9.00000000e-05,   1.00000000e-04,   1.10000000e-04,
         1.20000000e-04,   1.30000000e-04,   1.40000000e-04,
         1.50000000e-04,   1.60000000e-04,   1.70000000e-04,
         1.80000000e-04,   1.90000000e-04,   2.00000000e-04,
         2.10000000e-04,   2.20000000e-04,   2.30000000e-04,
         2.40000000e-04,   2.50000000e-04,   2.60000000e-04,
         2.70000000e-04,   2.80000000e-04,   2.90000000e-04,
         3.00000000e-04,   3.10000000e-04,   3.20000000e-04,
         3.30000000e-04,   3.40000000e-04,   3.50000000e-04,
         3.60000000e-04,   3.70000000e-04,   3.80000000e-04,
         3.90000000e-04,   4.00000000e-04,   4.10000000e-04,
         4.20000000e-04,   4.30000000e-04,   4.40000000e-04,
         4.50000000e-04,   4.60000000e-04,   4.70000000e-04,
         4.80000000e-04,   4.90000000e-04,   5.00000000e-04,
         5.10000000e-04,   5.20000000e-04,   5.30000000e-04,
         5.40000000e-04,   5.50000000e-04,   5.60000000e-04,
         5.70000000e-04,   5.80000000e-04,   5.90000000e-04,
         6.00000000e-04,   6.10000000e-04,   6.20000000e-04,
         6.30000000e-04,   6.40000000e-04,   6.50000000e-04,
         6.60000000e-04,   6.70000000e-04,   6.80000000e-04,
         6.90000000e-04,   7.00000000e-04,   7.10000000e-04,
         7.20000000e-04,   7.30000000e-04,   7.40000000e-04,
         7.50000000e-04,   7.60000000e-04,   7.70000000e-04,
         7.80000000e-04,   7.90000000e-04,   8.00000000e-04,
         8.10000000e-04,   8.20000000e-04,   8.30000000e-04,
         8.40000000e-04,   8.50000000e-04,   8.60000000e-04,
         8.70000000e-04,   8.80000000e-04,   8.90000000e-04,
         9.00000000e-04,   9.10000000e-04,   9.20000000e-04,
         9.30000000e-04,   9.40000000e-04,   9.50000000e-04,
         9.60000000e-04,   9.70000000e-04,   9.80000000e-04,
         9.90000000e-04,   1.00000000e-03])]
[array([ 178692.,       0.,       0.,       0.,       0.,       0.,
             0.,       0.,       0.,       0.,       0.,       0.,
             0.,       0.,       0.,       0.,       0.,       0.,
             0.,       0.,       0.,       0.,       0.,       0.,
             0.,       0.,       0.,       0.,       0.,       0.,
             0.,       0.,       0.,       0.,       0.,       0.,
             0.,       0.,       0.,       0.,       0.,       0.,
             0.,       0.,       0.,       0.,       0.,       0.,
             0.,       0.,       0.,       0.,       0.,       0.,
             0.,       0.,       0.,       0.,       0.,       0.,
             0.,       0.,       0.,       0.,       0.,       0.,
             0.,       0.,       0.,       0.,       0.,       0.,
             0.,       0.,       0.,       0.,       0.,       0.,
             0.,       0.,       0.,       0.,       0.,       0.,
             0.,       0.,       0.,       0.,       0.,       0.,
             0.,       0.,       0.,       0.,       0.,       0.,
             0.,       0.,       0.,       0.]), array([  0.00000000e+00,   1.00000000e-05,   2.00000000e-05,
         3.00000000e-05,   4.00000000e-05,   5.00000000e-05,
         6.00000000e-05,   7.00000000e-05,   8.00000000e-05,
         9.00000000e-05,   1.00000000e-04,   1.10000000e-04,
         1.20000000e-04,   1.30000000e-04,   1.40000000e-04,
         1.50000000e-04,   1.60000000e-04,   1.70000000e-04,
         1.80000000e-04,   1.90000000e-04,   2.00000000e-04,
         2.10000000e-04,   2.20000000e-04,   2.30000000e-04,
         2.40000000e-04,   2.50000000e-04,   2.60000000e-04,
         2.70000000e-04,   2.80000000e-04,   2.90000000e-04,
         3.00000000e-04,   3.10000000e-04,   3.20000000e-04,
         3.30000000e-04,   3.40000000e-04,   3.50000000e-04,
         3.60000000e-04,   3.70000000e-04,   3.80000000e-04,
         3.90000000e-04,   4.00000000e-04,   4.10000000e-04,
         4.20000000e-04,   4.30000000e-04,   4.40000000e-04,
         4.50000000e-04,   4.60000000e-04,   4.70000000e-04,
         4.80000000e-04,   4.90000000e-04,   5.00000000e-04,
         5.10000000e-04,   5.20000000e-04,   5.30000000e-04,
         5.40000000e-04,   5.50000000e-04,   5.60000000e-04,
         5.70000000e-04,   5.80000000e-04,   5.90000000e-04,
         6.00000000e-04,   6.10000000e-04,   6.20000000e-04,
         6.30000000e-04,   6.40000000e-04,   6.50000000e-04,
         6.60000000e-04,   6.70000000e-04,   6.80000000e-04,
         6.90000000e-04,   7.00000000e-04,   7.10000000e-04,
         7.20000000e-04,   7.30000000e-04,   7.40000000e-04,
         7.50000000e-04,   7.60000000e-04,   7.70000000e-04,
         7.80000000e-04,   7.90000000e-04,   8.00000000e-04,
         8.10000000e-04,   8.20000000e-04,   8.30000000e-04,
         8.40000000e-04,   8.50000000e-04,   8.60000000e-04,
         8.70000000e-04,   8.80000000e-04,   8.90000000e-04,
         9.00000000e-04,   9.10000000e-04,   9.20000000e-04,
         9.30000000e-04,   9.40000000e-04,   9.50000000e-04,
         9.60000000e-04,   9.70000000e-04,   9.80000000e-04,
         9.90000000e-04,   1.00000000e-03])]
[array([ 176987.,       0.,       0.,       0.,       0.,       0.,
             0.,       0.,       0.,       0.,       0.,       0.,
             0.,       0.,       0.,       0.,       0.,       0.,
             0.,       0.,       0.,       0.,       0.,       0.,
             0.,       0.,       0.,       0.,       0.,       0.,
             0.,       0.,       0.,       0.,       0.,       0.,
             0.,       0.,       0.,       0.,       0.,       0.,
             0.,       0.,       0.,       0.,       0.,       0.,
             0.,       0.,       0.,       0.,       0.,       0.,
             0.,       0.,       0.,       0.,       0.,       0.,
             0.,       0.,       0.,       0.,       0.,       0.,
             0.,       0.,       0.,       0.,       0.,       0.,
             0.,       0.,       0.,       0.,       0.,       0.,
             0.,       0.,       0.,       0.,       0.,       0.,
             0.,       0.,       0.,       0.,       0.,       0.,
             0.,       0.,       0.,       0.,       0.,       0.,
             0.,       0.,       0.,       0.]), array([  0.00000000e+00,   1.00000000e-05,   2.00000000e-05,
         3.00000000e-05,   4.00000000e-05,   5.00000000e-05,
         6.00000000e-05,   7.00000000e-05,   8.00000000e-05,
         9.00000000e-05,   1.00000000e-04,   1.10000000e-04,
         1.20000000e-04,   1.30000000e-04,   1.40000000e-04,
         1.50000000e-04,   1.60000000e-04,   1.70000000e-04,
         1.80000000e-04,   1.90000000e-04,   2.00000000e-04,
         2.10000000e-04,   2.20000000e-04,   2.30000000e-04,
         2.40000000e-04,   2.50000000e-04,   2.60000000e-04,
         2.70000000e-04,   2.80000000e-04,   2.90000000e-04,
         3.00000000e-04,   3.10000000e-04,   3.20000000e-04,
         3.30000000e-04,   3.40000000e-04,   3.50000000e-04,
         3.60000000e-04,   3.70000000e-04,   3.80000000e-04,
         3.90000000e-04,   4.00000000e-04,   4.10000000e-04,
         4.20000000e-04,   4.30000000e-04,   4.40000000e-04,
         4.50000000e-04,   4.60000000e-04,   4.70000000e-04,
         4.80000000e-04,   4.90000000e-04,   5.00000000e-04,
         5.10000000e-04,   5.20000000e-04,   5.30000000e-04,
         5.40000000e-04,   5.50000000e-04,   5.60000000e-04,
         5.70000000e-04,   5.80000000e-04,   5.90000000e-04,
         6.00000000e-04,   6.10000000e-04,   6.20000000e-04,
         6.30000000e-04,   6.40000000e-04,   6.50000000e-04,
         6.60000000e-04,   6.70000000e-04,   6.80000000e-04,
         6.90000000e-04,   7.00000000e-04,   7.10000000e-04,
         7.20000000e-04,   7.30000000e-04,   7.40000000e-04,
         7.50000000e-04,   7.60000000e-04,   7.70000000e-04,
         7.80000000e-04,   7.90000000e-04,   8.00000000e-04,
         8.10000000e-04,   8.20000000e-04,   8.30000000e-04,
         8.40000000e-04,   8.50000000e-04,   8.60000000e-04,
         8.70000000e-04,   8.80000000e-04,   8.90000000e-04,
         9.00000000e-04,   9.10000000e-04,   9.20000000e-04,
         9.30000000e-04,   9.40000000e-04,   9.50000000e-04,
         9.60000000e-04,   9.70000000e-04,   9.80000000e-04,
         9.90000000e-04,   1.00000000e-03])]
[array([ 174911.,       0.,       0.,       0.,       0.,       0.,
             0.,       0.,       0.,       0.,       0.,       0.,
             0.,       0.,       0.,       0.,       0.,       0.,
             0.,       0.,       0.,       0.,       0.,       0.,
             0.,       0.,       0.,       0.,       0.,       0.,
             0.,       0.,       0.,       0.,       0.,       0.,
             0.,       0.,       0.,       0.,       0.,       0.,
             0.,       0.,       0.,       0.,       0.,       0.,
             0.,       0.,       0.,       0.,       0.,       0.,
             0.,       0.,       0.,       0.,       0.,       0.,
             0.,       0.,       0.,       0.,       0.,       0.,
             0.,       0.,       0.,       0.,       0.,       0.,
             0.,       0.,       0.,       0.,       0.,       0.,
             0.,       0.,       0.,       0.,       0.,       0.,
             0.,       0.,       0.,       0.,       0.,       0.,
             0.,       0.,       0.,       0.,       0.,       0.,
             0.,       0.,       0.,       0.]), array([  0.00000000e+00,   1.00000000e-05,   2.00000000e-05,
         3.00000000e-05,   4.00000000e-05,   5.00000000e-05,
         6.00000000e-05,   7.00000000e-05,   8.00000000e-05,
         9.00000000e-05,   1.00000000e-04,   1.10000000e-04,
         1.20000000e-04,   1.30000000e-04,   1.40000000e-04,
         1.50000000e-04,   1.60000000e-04,   1.70000000e-04,
         1.80000000e-04,   1.90000000e-04,   2.00000000e-04,
         2.10000000e-04,   2.20000000e-04,   2.30000000e-04,
         2.40000000e-04,   2.50000000e-04,   2.60000000e-04,
         2.70000000e-04,   2.80000000e-04,   2.90000000e-04,
         3.00000000e-04,   3.10000000e-04,   3.20000000e-04,
         3.30000000e-04,   3.40000000e-04,   3.50000000e-04,
         3.60000000e-04,   3.70000000e-04,   3.80000000e-04,
         3.90000000e-04,   4.00000000e-04,   4.10000000e-04,
         4.20000000e-04,   4.30000000e-04,   4.40000000e-04,
         4.50000000e-04,   4.60000000e-04,   4.70000000e-04,
         4.80000000e-04,   4.90000000e-04,   5.00000000e-04,
         5.10000000e-04,   5.20000000e-04,   5.30000000e-04,
         5.40000000e-04,   5.50000000e-04,   5.60000000e-04,
         5.70000000e-04,   5.80000000e-04,   5.90000000e-04,
         6.00000000e-04,   6.10000000e-04,   6.20000000e-04,
         6.30000000e-04,   6.40000000e-04,   6.50000000e-04,
         6.60000000e-04,   6.70000000e-04,   6.80000000e-04,
         6.90000000e-04,   7.00000000e-04,   7.10000000e-04,
         7.20000000e-04,   7.30000000e-04,   7.40000000e-04,
         7.50000000e-04,   7.60000000e-04,   7.70000000e-04,
         7.80000000e-04,   7.90000000e-04,   8.00000000e-04,
         8.10000000e-04,   8.20000000e-04,   8.30000000e-04,
         8.40000000e-04,   8.50000000e-04,   8.60000000e-04,
         8.70000000e-04,   8.80000000e-04,   8.90000000e-04,
         9.00000000e-04,   9.10000000e-04,   9.20000000e-04,
         9.30000000e-04,   9.40000000e-04,   9.50000000e-04,
         9.60000000e-04,   9.70000000e-04,   9.80000000e-04,
         9.90000000e-04,   1.00000000e-03])]
[array([ 172642.,       0.,       0.,       0.,       0.,       0.,
             0.,       0.,       0.,       0.,       0.,       0.,
             0.,       0.,       0.,       0.,       0.,       0.,
             0.,       0.,       0.,       0.,       0.,       0.,
             0.,       0.,       0.,       0.,       0.,       0.,
             0.,       0.,       0.,       0.,       0.,       0.,
             0.,       0.,       0.,       0.,       0.,       0.,
             0.,       0.,       0.,       0.,       0.,       0.,
             0.,       0.,       0.,       0.,       0.,       0.,
             0.,       0.,       0.,       0.,       0.,       0.,
             0.,       0.,       0.,       0.,       0.,       0.,
             0.,       0.,       0.,       0.,       0.,       0.,
             0.,       0.,       0.,       0.,       0.,       0.,
             0.,       0.,       0.,       0.,       0.,       0.,
             0.,       0.,       0.,       0.,       0.,       0.,
             0.,       0.,       0.,       0.,       0.,       0.,
             0.,       0.,       0.,       0.]), array([  0.00000000e+00,   1.00000000e-05,   2.00000000e-05,
         3.00000000e-05,   4.00000000e-05,   5.00000000e-05,
         6.00000000e-05,   7.00000000e-05,   8.00000000e-05,
         9.00000000e-05,   1.00000000e-04,   1.10000000e-04,
         1.20000000e-04,   1.30000000e-04,   1.40000000e-04,
         1.50000000e-04,   1.60000000e-04,   1.70000000e-04,
         1.80000000e-04,   1.90000000e-04,   2.00000000e-04,
         2.10000000e-04,   2.20000000e-04,   2.30000000e-04,
         2.40000000e-04,   2.50000000e-04,   2.60000000e-04,
         2.70000000e-04,   2.80000000e-04,   2.90000000e-04,
         3.00000000e-04,   3.10000000e-04,   3.20000000e-04,
         3.30000000e-04,   3.40000000e-04,   3.50000000e-04,
         3.60000000e-04,   3.70000000e-04,   3.80000000e-04,
         3.90000000e-04,   4.00000000e-04,   4.10000000e-04,
         4.20000000e-04,   4.30000000e-04,   4.40000000e-04,
         4.50000000e-04,   4.60000000e-04,   4.70000000e-04,
         4.80000000e-04,   4.90000000e-04,   5.00000000e-04,
         5.10000000e-04,   5.20000000e-04,   5.30000000e-04,
         5.40000000e-04,   5.50000000e-04,   5.60000000e-04,
         5.70000000e-04,   5.80000000e-04,   5.90000000e-04,
         6.00000000e-04,   6.10000000e-04,   6.20000000e-04,
         6.30000000e-04,   6.40000000e-04,   6.50000000e-04,
         6.60000000e-04,   6.70000000e-04,   6.80000000e-04,
         6.90000000e-04,   7.00000000e-04,   7.10000000e-04,
         7.20000000e-04,   7.30000000e-04,   7.40000000e-04,
         7.50000000e-04,   7.60000000e-04,   7.70000000e-04,
         7.80000000e-04,   7.90000000e-04,   8.00000000e-04,
         8.10000000e-04,   8.20000000e-04,   8.30000000e-04,
         8.40000000e-04,   8.50000000e-04,   8.60000000e-04,
         8.70000000e-04,   8.80000000e-04,   8.90000000e-04,
         9.00000000e-04,   9.10000000e-04,   9.20000000e-04,
         9.30000000e-04,   9.40000000e-04,   9.50000000e-04,
         9.60000000e-04,   9.70000000e-04,   9.80000000e-04,
         9.90000000e-04,   1.00000000e-03])]
[array([ 169449.,       0.,       0.,       0.,       0.,       0.,
             0.,       0.,       0.,       0.,       0.,       0.,
             0.,       0.,       0.,       0.,       0.,       0.,
             0.,       0.,       0.,       0.,       0.,       0.,
             0.,       0.,       0.,       0.,       0.,       0.,
             0.,       0.,       0.,       0.,       0.,       0.,
             0.,       0.,       0.,       0.,       0.,       0.,
             0.,       0.,       0.,       0.,       0.,       0.,
             0.,       0.,       0.,       0.,       0.,       0.,
             0.,       0.,       0.,       0.,       0.,       0.,
             0.,       0.,       0.,       0.,       0.,       0.,
             0.,       0.,       0.,       0.,       0.,       0.,
             0.,       0.,       0.,       0.,       0.,       0.,
             0.,       0.,       0.,       0.,       0.,       0.,
             0.,       0.,       0.,       0.,       0.,       0.,
             0.,       0.,       0.,       0.,       0.,       0.,
             0.,       0.,       0.,       0.]), array([  0.00000000e+00,   1.00000000e-05,   2.00000000e-05,
         3.00000000e-05,   4.00000000e-05,   5.00000000e-05,
         6.00000000e-05,   7.00000000e-05,   8.00000000e-05,
         9.00000000e-05,   1.00000000e-04,   1.10000000e-04,
         1.20000000e-04,   1.30000000e-04,   1.40000000e-04,
         1.50000000e-04,   1.60000000e-04,   1.70000000e-04,
         1.80000000e-04,   1.90000000e-04,   2.00000000e-04,
         2.10000000e-04,   2.20000000e-04,   2.30000000e-04,
         2.40000000e-04,   2.50000000e-04,   2.60000000e-04,
         2.70000000e-04,   2.80000000e-04,   2.90000000e-04,
         3.00000000e-04,   3.10000000e-04,   3.20000000e-04,
         3.30000000e-04,   3.40000000e-04,   3.50000000e-04,
         3.60000000e-04,   3.70000000e-04,   3.80000000e-04,
         3.90000000e-04,   4.00000000e-04,   4.10000000e-04,
         4.20000000e-04,   4.30000000e-04,   4.40000000e-04,
         4.50000000e-04,   4.60000000e-04,   4.70000000e-04,
         4.80000000e-04,   4.90000000e-04,   5.00000000e-04,
         5.10000000e-04,   5.20000000e-04,   5.30000000e-04,
         5.40000000e-04,   5.50000000e-04,   5.60000000e-04,
         5.70000000e-04,   5.80000000e-04,   5.90000000e-04,
         6.00000000e-04,   6.10000000e-04,   6.20000000e-04,
         6.30000000e-04,   6.40000000e-04,   6.50000000e-04,
         6.60000000e-04,   6.70000000e-04,   6.80000000e-04,
         6.90000000e-04,   7.00000000e-04,   7.10000000e-04,
         7.20000000e-04,   7.30000000e-04,   7.40000000e-04,
         7.50000000e-04,   7.60000000e-04,   7.70000000e-04,
         7.80000000e-04,   7.90000000e-04,   8.00000000e-04,
         8.10000000e-04,   8.20000000e-04,   8.30000000e-04,
         8.40000000e-04,   8.50000000e-04,   8.60000000e-04,
         8.70000000e-04,   8.80000000e-04,   8.90000000e-04,
         9.00000000e-04,   9.10000000e-04,   9.20000000e-04,
         9.30000000e-04,   9.40000000e-04,   9.50000000e-04,
         9.60000000e-04,   9.70000000e-04,   9.80000000e-04,
         9.90000000e-04,   1.00000000e-03])]
[array([ 166068.,       0.,       0.,       0.,       0.,       0.,
             0.,       0.,       0.,       0.,       0.,       0.,
             0.,       0.,       0.,       0.,       0.,       0.,
             0.,       0.,       0.,       0.,       0.,       0.,
             0.,       0.,       0.,       0.,       0.,       0.,
             0.,       0.,       0.,       0.,       0.,       0.,
             0.,       0.,       0.,       0.,       0.,       0.,
             0.,       0.,       0.,       0.,       0.,       0.,
             0.,       0.,       0.,       0.,       0.,       0.,
             0.,       0.,       0.,       0.,       0.,       0.,
             0.,       0.,       0.,       0.,       0.,       0.,
             0.,       0.,       0.,       0.,       0.,       0.,
             0.,       0.,       0.,       0.,       0.,       0.,
             0.,       0.,       0.,       0.,       0.,       0.,
             0.,       0.,       0.,       0.,       0.,       0.,
             0.,       0.,       0.,       0.,       0.,       0.,
             0.,       0.,       0.,       0.]), array([  0.00000000e+00,   1.00000000e-05,   2.00000000e-05,
         3.00000000e-05,   4.00000000e-05,   5.00000000e-05,
         6.00000000e-05,   7.00000000e-05,   8.00000000e-05,
         9.00000000e-05,   1.00000000e-04,   1.10000000e-04,
         1.20000000e-04,   1.30000000e-04,   1.40000000e-04,
         1.50000000e-04,   1.60000000e-04,   1.70000000e-04,
         1.80000000e-04,   1.90000000e-04,   2.00000000e-04,
         2.10000000e-04,   2.20000000e-04,   2.30000000e-04,
         2.40000000e-04,   2.50000000e-04,   2.60000000e-04,
         2.70000000e-04,   2.80000000e-04,   2.90000000e-04,
         3.00000000e-04,   3.10000000e-04,   3.20000000e-04,
         3.30000000e-04,   3.40000000e-04,   3.50000000e-04,
         3.60000000e-04,   3.70000000e-04,   3.80000000e-04,
         3.90000000e-04,   4.00000000e-04,   4.10000000e-04,
         4.20000000e-04,   4.30000000e-04,   4.40000000e-04,
         4.50000000e-04,   4.60000000e-04,   4.70000000e-04,
         4.80000000e-04,   4.90000000e-04,   5.00000000e-04,
         5.10000000e-04,   5.20000000e-04,   5.30000000e-04,
         5.40000000e-04,   5.50000000e-04,   5.60000000e-04,
         5.70000000e-04,   5.80000000e-04,   5.90000000e-04,
         6.00000000e-04,   6.10000000e-04,   6.20000000e-04,
         6.30000000e-04,   6.40000000e-04,   6.50000000e-04,
         6.60000000e-04,   6.70000000e-04,   6.80000000e-04,
         6.90000000e-04,   7.00000000e-04,   7.10000000e-04,
         7.20000000e-04,   7.30000000e-04,   7.40000000e-04,
         7.50000000e-04,   7.60000000e-04,   7.70000000e-04,
         7.80000000e-04,   7.90000000e-04,   8.00000000e-04,
         8.10000000e-04,   8.20000000e-04,   8.30000000e-04,
         8.40000000e-04,   8.50000000e-04,   8.60000000e-04,
         8.70000000e-04,   8.80000000e-04,   8.90000000e-04,
         9.00000000e-04,   9.10000000e-04,   9.20000000e-04,
         9.30000000e-04,   9.40000000e-04,   9.50000000e-04,
         9.60000000e-04,   9.70000000e-04,   9.80000000e-04,
         9.90000000e-04,   1.00000000e-03])]
[array([ 161751.,       0.,       0.,       0.,       0.,       0.,
             0.,       0.,       0.,       0.,       0.,       0.,
             0.,       0.,       0.,       0.,       0.,       0.,
             0.,       0.,       0.,       0.,       0.,       0.,
             0.,       0.,       0.,       0.,       0.,       0.,
             0.,       0.,       0.,       0.,       0.,       0.,
             0.,       0.,       0.,       0.,       0.,       0.,
             0.,       0.,       0.,       0.,       0.,       0.,
             0.,       0.,       0.,       0.,       0.,       0.,
             0.,       0.,       0.,       0.,       0.,       0.,
             0.,       0.,       0.,       0.,       0.,       0.,
             0.,       0.,       0.,       0.,       0.,       0.,
             0.,       0.,       0.,       0.,       0.,       0.,
             0.,       0.,       0.,       0.,       0.,       0.,
             0.,       0.,       0.,       0.,       0.,       0.,
             0.,       0.,       0.,       0.,       0.,       0.,
             0.,       0.,       0.,       0.]), array([  0.00000000e+00,   1.00000000e-05,   2.00000000e-05,
         3.00000000e-05,   4.00000000e-05,   5.00000000e-05,
         6.00000000e-05,   7.00000000e-05,   8.00000000e-05,
         9.00000000e-05,   1.00000000e-04,   1.10000000e-04,
         1.20000000e-04,   1.30000000e-04,   1.40000000e-04,
         1.50000000e-04,   1.60000000e-04,   1.70000000e-04,
         1.80000000e-04,   1.90000000e-04,   2.00000000e-04,
         2.10000000e-04,   2.20000000e-04,   2.30000000e-04,
         2.40000000e-04,   2.50000000e-04,   2.60000000e-04,
         2.70000000e-04,   2.80000000e-04,   2.90000000e-04,
         3.00000000e-04,   3.10000000e-04,   3.20000000e-04,
         3.30000000e-04,   3.40000000e-04,   3.50000000e-04,
         3.60000000e-04,   3.70000000e-04,   3.80000000e-04,
         3.90000000e-04,   4.00000000e-04,   4.10000000e-04,
         4.20000000e-04,   4.30000000e-04,   4.40000000e-04,
         4.50000000e-04,   4.60000000e-04,   4.70000000e-04,
         4.80000000e-04,   4.90000000e-04,   5.00000000e-04,
         5.10000000e-04,   5.20000000e-04,   5.30000000e-04,
         5.40000000e-04,   5.50000000e-04,   5.60000000e-04,
         5.70000000e-04,   5.80000000e-04,   5.90000000e-04,
         6.00000000e-04,   6.10000000e-04,   6.20000000e-04,
         6.30000000e-04,   6.40000000e-04,   6.50000000e-04,
         6.60000000e-04,   6.70000000e-04,   6.80000000e-04,
         6.90000000e-04,   7.00000000e-04,   7.10000000e-04,
         7.20000000e-04,   7.30000000e-04,   7.40000000e-04,
         7.50000000e-04,   7.60000000e-04,   7.70000000e-04,
         7.80000000e-04,   7.90000000e-04,   8.00000000e-04,
         8.10000000e-04,   8.20000000e-04,   8.30000000e-04,
         8.40000000e-04,   8.50000000e-04,   8.60000000e-04,
         8.70000000e-04,   8.80000000e-04,   8.90000000e-04,
         9.00000000e-04,   9.10000000e-04,   9.20000000e-04,
         9.30000000e-04,   9.40000000e-04,   9.50000000e-04,
         9.60000000e-04,   9.70000000e-04,   9.80000000e-04,
         9.90000000e-04,   1.00000000e-03])]
[array([ 156448.,       0.,       0.,       0.,       0.,       0.,
             0.,       0.,       0.,       0.,       0.,       0.,
             0.,       0.,       0.,       0.,       0.,       0.,
             0.,       0.,       0.,       0.,       0.,       0.,
             0.,       0.,       0.,       0.,       0.,       0.,
             0.,       0.,       0.,       0.,       0.,       0.,
             0.,       0.,       0.,       0.,       0.,       0.,
             0.,       0.,       0.,       0.,       0.,       0.,
             0.,       0.,       0.,       0.,       0.,       0.,
             0.,       0.,       0.,       0.,       0.,       0.,
             0.,       0.,       0.,       0.,       0.,       0.,
             0.,       0.,       0.,       0.,       0.,       0.,
             0.,       0.,       0.,       0.,       0.,       0.,
             0.,       0.,       0.,       0.,       0.,       0.,
             0.,       0.,       0.,       0.,       0.,       0.,
             0.,       0.,       0.,       0.,       0.,       0.,
             0.,       0.,       0.,       0.]), array([  0.00000000e+00,   1.00000000e-05,   2.00000000e-05,
         3.00000000e-05,   4.00000000e-05,   5.00000000e-05,
         6.00000000e-05,   7.00000000e-05,   8.00000000e-05,
         9.00000000e-05,   1.00000000e-04,   1.10000000e-04,
         1.20000000e-04,   1.30000000e-04,   1.40000000e-04,
         1.50000000e-04,   1.60000000e-04,   1.70000000e-04,
         1.80000000e-04,   1.90000000e-04,   2.00000000e-04,
         2.10000000e-04,   2.20000000e-04,   2.30000000e-04,
         2.40000000e-04,   2.50000000e-04,   2.60000000e-04,
         2.70000000e-04,   2.80000000e-04,   2.90000000e-04,
         3.00000000e-04,   3.10000000e-04,   3.20000000e-04,
         3.30000000e-04,   3.40000000e-04,   3.50000000e-04,
         3.60000000e-04,   3.70000000e-04,   3.80000000e-04,
         3.90000000e-04,   4.00000000e-04,   4.10000000e-04,
         4.20000000e-04,   4.30000000e-04,   4.40000000e-04,
         4.50000000e-04,   4.60000000e-04,   4.70000000e-04,
         4.80000000e-04,   4.90000000e-04,   5.00000000e-04,
         5.10000000e-04,   5.20000000e-04,   5.30000000e-04,
         5.40000000e-04,   5.50000000e-04,   5.60000000e-04,
         5.70000000e-04,   5.80000000e-04,   5.90000000e-04,
         6.00000000e-04,   6.10000000e-04,   6.20000000e-04,
         6.30000000e-04,   6.40000000e-04,   6.50000000e-04,
         6.60000000e-04,   6.70000000e-04,   6.80000000e-04,
         6.90000000e-04,   7.00000000e-04,   7.10000000e-04,
         7.20000000e-04,   7.30000000e-04,   7.40000000e-04,
         7.50000000e-04,   7.60000000e-04,   7.70000000e-04,
         7.80000000e-04,   7.90000000e-04,   8.00000000e-04,
         8.10000000e-04,   8.20000000e-04,   8.30000000e-04,
         8.40000000e-04,   8.50000000e-04,   8.60000000e-04,
         8.70000000e-04,   8.80000000e-04,   8.90000000e-04,
         9.00000000e-04,   9.10000000e-04,   9.20000000e-04,
         9.30000000e-04,   9.40000000e-04,   9.50000000e-04,
         9.60000000e-04,   9.70000000e-04,   9.80000000e-04,
         9.90000000e-04,   1.00000000e-03])]
[array([ 149808.,       0.,       0.,       0.,       0.,       0.,
             0.,       0.,       0.,       0.,       0.,       0.,
             0.,       0.,       0.,       0.,       0.,       0.,
             0.,       0.,       0.,       0.,       0.,       0.,
             0.,       0.,       0.,       0.,       0.,       0.,
             0.,       0.,       0.,       0.,       0.,       0.,
             0.,       0.,       0.,       0.,       0.,       0.,
             0.,       0.,       0.,       0.,       0.,       0.,
             0.,       0.,       0.,       0.,       0.,       0.,
             0.,       0.,       0.,       0.,       0.,       0.,
             0.,       0.,       0.,       0.,       0.,       0.,
             0.,       0.,       0.,       0.,       0.,       0.,
             0.,       0.,       0.,       0.,       0.,       0.,
             0.,       0.,       0.,       0.,       0.,       0.,
             0.,       0.,       0.,       0.,       0.,       0.,
             0.,       0.,       0.,       0.,       0.,       0.,
             0.,       0.,       0.,       0.]), array([  0.00000000e+00,   1.00000000e-05,   2.00000000e-05,
         3.00000000e-05,   4.00000000e-05,   5.00000000e-05,
         6.00000000e-05,   7.00000000e-05,   8.00000000e-05,
         9.00000000e-05,   1.00000000e-04,   1.10000000e-04,
         1.20000000e-04,   1.30000000e-04,   1.40000000e-04,
         1.50000000e-04,   1.60000000e-04,   1.70000000e-04,
         1.80000000e-04,   1.90000000e-04,   2.00000000e-04,
         2.10000000e-04,   2.20000000e-04,   2.30000000e-04,
         2.40000000e-04,   2.50000000e-04,   2.60000000e-04,
         2.70000000e-04,   2.80000000e-04,   2.90000000e-04,
         3.00000000e-04,   3.10000000e-04,   3.20000000e-04,
         3.30000000e-04,   3.40000000e-04,   3.50000000e-04,
         3.60000000e-04,   3.70000000e-04,   3.80000000e-04,
         3.90000000e-04,   4.00000000e-04,   4.10000000e-04,
         4.20000000e-04,   4.30000000e-04,   4.40000000e-04,
         4.50000000e-04,   4.60000000e-04,   4.70000000e-04,
         4.80000000e-04,   4.90000000e-04,   5.00000000e-04,
         5.10000000e-04,   5.20000000e-04,   5.30000000e-04,
         5.40000000e-04,   5.50000000e-04,   5.60000000e-04,
         5.70000000e-04,   5.80000000e-04,   5.90000000e-04,
         6.00000000e-04,   6.10000000e-04,   6.20000000e-04,
         6.30000000e-04,   6.40000000e-04,   6.50000000e-04,
         6.60000000e-04,   6.70000000e-04,   6.80000000e-04,
         6.90000000e-04,   7.00000000e-04,   7.10000000e-04,
         7.20000000e-04,   7.30000000e-04,   7.40000000e-04,
         7.50000000e-04,   7.60000000e-04,   7.70000000e-04,
         7.80000000e-04,   7.90000000e-04,   8.00000000e-04,
         8.10000000e-04,   8.20000000e-04,   8.30000000e-04,
         8.40000000e-04,   8.50000000e-04,   8.60000000e-04,
         8.70000000e-04,   8.80000000e-04,   8.90000000e-04,
         9.00000000e-04,   9.10000000e-04,   9.20000000e-04,
         9.30000000e-04,   9.40000000e-04,   9.50000000e-04,
         9.60000000e-04,   9.70000000e-04,   9.80000000e-04,
         9.90000000e-04,   1.00000000e-03])]
[array([ 142415.,       0.,       0.,       0.,       0.,       0.,
             0.,       0.,       0.,       0.,       0.,       0.,
             0.,       0.,       0.,       0.,       0.,       0.,
             0.,       0.,       0.,       0.,       0.,       0.,
             0.,       0.,       0.,       0.,       0.,       0.,
             0.,       0.,       0.,       0.,       0.,       0.,
             0.,       0.,       0.,       0.,       0.,       0.,
             0.,       0.,       0.,       0.,       0.,       0.,
             0.,       0.,       0.,       0.,       0.,       0.,
             0.,       0.,       0.,       0.,       0.,       0.,
             0.,       0.,       0.,       0.,       0.,       0.,
             0.,       0.,       0.,       0.,       0.,       0.,
             0.,       0.,       0.,       0.,       0.,       0.,
             0.,       0.,       0.,       0.,       0.,       0.,
             0.,       0.,       0.,       0.,       0.,       0.,
             0.,       0.,       0.,       0.,       0.,       0.,
             0.,       0.,       0.,       0.]), array([  0.00000000e+00,   1.00000000e-05,   2.00000000e-05,
         3.00000000e-05,   4.00000000e-05,   5.00000000e-05,
         6.00000000e-05,   7.00000000e-05,   8.00000000e-05,
         9.00000000e-05,   1.00000000e-04,   1.10000000e-04,
         1.20000000e-04,   1.30000000e-04,   1.40000000e-04,
         1.50000000e-04,   1.60000000e-04,   1.70000000e-04,
         1.80000000e-04,   1.90000000e-04,   2.00000000e-04,
         2.10000000e-04,   2.20000000e-04,   2.30000000e-04,
         2.40000000e-04,   2.50000000e-04,   2.60000000e-04,
         2.70000000e-04,   2.80000000e-04,   2.90000000e-04,
         3.00000000e-04,   3.10000000e-04,   3.20000000e-04,
         3.30000000e-04,   3.40000000e-04,   3.50000000e-04,
         3.60000000e-04,   3.70000000e-04,   3.80000000e-04,
         3.90000000e-04,   4.00000000e-04,   4.10000000e-04,
         4.20000000e-04,   4.30000000e-04,   4.40000000e-04,
         4.50000000e-04,   4.60000000e-04,   4.70000000e-04,
         4.80000000e-04,   4.90000000e-04,   5.00000000e-04,
         5.10000000e-04,   5.20000000e-04,   5.30000000e-04,
         5.40000000e-04,   5.50000000e-04,   5.60000000e-04,
         5.70000000e-04,   5.80000000e-04,   5.90000000e-04,
         6.00000000e-04,   6.10000000e-04,   6.20000000e-04,
         6.30000000e-04,   6.40000000e-04,   6.50000000e-04,
         6.60000000e-04,   6.70000000e-04,   6.80000000e-04,
         6.90000000e-04,   7.00000000e-04,   7.10000000e-04,
         7.20000000e-04,   7.30000000e-04,   7.40000000e-04,
         7.50000000e-04,   7.60000000e-04,   7.70000000e-04,
         7.80000000e-04,   7.90000000e-04,   8.00000000e-04,
         8.10000000e-04,   8.20000000e-04,   8.30000000e-04,
         8.40000000e-04,   8.50000000e-04,   8.60000000e-04,
         8.70000000e-04,   8.80000000e-04,   8.90000000e-04,
         9.00000000e-04,   9.10000000e-04,   9.20000000e-04,
         9.30000000e-04,   9.40000000e-04,   9.50000000e-04,
         9.60000000e-04,   9.70000000e-04,   9.80000000e-04,
         9.90000000e-04,   1.00000000e-03])]
[array([ 134213.,       0.,       0.,       0.,       0.,       0.,
             0.,       0.,       0.,       0.,       0.,       0.,
             0.,       0.,       0.,       0.,       0.,       0.,
             0.,       0.,       0.,       0.,       0.,       0.,
             0.,       0.,       0.,       0.,       0.,       0.,
             0.,       0.,       0.,       0.,       0.,       0.,
             0.,       0.,       0.,       0.,       0.,       0.,
             0.,       0.,       0.,       0.,       0.,       0.,
             0.,       0.,       0.,       0.,       0.,       0.,
             0.,       0.,       0.,       0.,       0.,       0.,
             0.,       0.,       0.,       0.,       0.,       0.,
             0.,       0.,       0.,       0.,       0.,       0.,
             0.,       0.,       0.,       0.,       0.,       0.,
             0.,       0.,       0.,       0.,       0.,       0.,
             0.,       0.,       0.,       0.,       0.,       0.,
             0.,       0.,       0.,       0.,       0.,       0.,
             0.,       0.,       0.,       0.]), array([  0.00000000e+00,   1.00000000e-05,   2.00000000e-05,
         3.00000000e-05,   4.00000000e-05,   5.00000000e-05,
         6.00000000e-05,   7.00000000e-05,   8.00000000e-05,
         9.00000000e-05,   1.00000000e-04,   1.10000000e-04,
         1.20000000e-04,   1.30000000e-04,   1.40000000e-04,
         1.50000000e-04,   1.60000000e-04,   1.70000000e-04,
         1.80000000e-04,   1.90000000e-04,   2.00000000e-04,
         2.10000000e-04,   2.20000000e-04,   2.30000000e-04,
         2.40000000e-04,   2.50000000e-04,   2.60000000e-04,
         2.70000000e-04,   2.80000000e-04,   2.90000000e-04,
         3.00000000e-04,   3.10000000e-04,   3.20000000e-04,
         3.30000000e-04,   3.40000000e-04,   3.50000000e-04,
         3.60000000e-04,   3.70000000e-04,   3.80000000e-04,
         3.90000000e-04,   4.00000000e-04,   4.10000000e-04,
         4.20000000e-04,   4.30000000e-04,   4.40000000e-04,
         4.50000000e-04,   4.60000000e-04,   4.70000000e-04,
         4.80000000e-04,   4.90000000e-04,   5.00000000e-04,
         5.10000000e-04,   5.20000000e-04,   5.30000000e-04,
         5.40000000e-04,   5.50000000e-04,   5.60000000e-04,
         5.70000000e-04,   5.80000000e-04,   5.90000000e-04,
         6.00000000e-04,   6.10000000e-04,   6.20000000e-04,
         6.30000000e-04,   6.40000000e-04,   6.50000000e-04,
         6.60000000e-04,   6.70000000e-04,   6.80000000e-04,
         6.90000000e-04,   7.00000000e-04,   7.10000000e-04,
         7.20000000e-04,   7.30000000e-04,   7.40000000e-04,
         7.50000000e-04,   7.60000000e-04,   7.70000000e-04,
         7.80000000e-04,   7.90000000e-04,   8.00000000e-04,
         8.10000000e-04,   8.20000000e-04,   8.30000000e-04,
         8.40000000e-04,   8.50000000e-04,   8.60000000e-04,
         8.70000000e-04,   8.80000000e-04,   8.90000000e-04,
         9.00000000e-04,   9.10000000e-04,   9.20000000e-04,
         9.30000000e-04,   9.40000000e-04,   9.50000000e-04,
         9.60000000e-04,   9.70000000e-04,   9.80000000e-04,
         9.90000000e-04,   1.00000000e-03])]
[array([ 123654.,       0.,       0.,       0.,       0.,       0.,
             0.,       0.,       0.,       0.,       0.,       0.,
             0.,       0.,       0.,       0.,       0.,       0.,
             0.,       0.,       0.,       0.,       0.,       0.,
             0.,       0.,       0.,       0.,       0.,       0.,
             0.,       0.,       0.,       0.,       0.,       0.,
             0.,       0.,       0.,       0.,       0.,       0.,
             0.,       0.,       0.,       0.,       0.,       0.,
             0.,       0.,       0.,       0.,       0.,       0.,
             0.,       0.,       0.,       0.,       0.,       0.,
             0.,       0.,       0.,       0.,       0.,       0.,
             0.,       0.,       0.,       0.,       0.,       0.,
             0.,       0.,       0.,       0.,       0.,       0.,
             0.,       0.,       0.,       0.,       0.,       0.,
             0.,       0.,       0.,       0.,       0.,       0.,
             0.,       0.,       0.,       0.,       0.,       0.,
             0.,       0.,       0.,       0.]), array([  0.00000000e+00,   1.00000000e-05,   2.00000000e-05,
         3.00000000e-05,   4.00000000e-05,   5.00000000e-05,
         6.00000000e-05,   7.00000000e-05,   8.00000000e-05,
         9.00000000e-05,   1.00000000e-04,   1.10000000e-04,
         1.20000000e-04,   1.30000000e-04,   1.40000000e-04,
         1.50000000e-04,   1.60000000e-04,   1.70000000e-04,
         1.80000000e-04,   1.90000000e-04,   2.00000000e-04,
         2.10000000e-04,   2.20000000e-04,   2.30000000e-04,
         2.40000000e-04,   2.50000000e-04,   2.60000000e-04,
         2.70000000e-04,   2.80000000e-04,   2.90000000e-04,
         3.00000000e-04,   3.10000000e-04,   3.20000000e-04,
         3.30000000e-04,   3.40000000e-04,   3.50000000e-04,
         3.60000000e-04,   3.70000000e-04,   3.80000000e-04,
         3.90000000e-04,   4.00000000e-04,   4.10000000e-04,
         4.20000000e-04,   4.30000000e-04,   4.40000000e-04,
         4.50000000e-04,   4.60000000e-04,   4.70000000e-04,
         4.80000000e-04,   4.90000000e-04,   5.00000000e-04,
         5.10000000e-04,   5.20000000e-04,   5.30000000e-04,
         5.40000000e-04,   5.50000000e-04,   5.60000000e-04,
         5.70000000e-04,   5.80000000e-04,   5.90000000e-04,
         6.00000000e-04,   6.10000000e-04,   6.20000000e-04,
         6.30000000e-04,   6.40000000e-04,   6.50000000e-04,
         6.60000000e-04,   6.70000000e-04,   6.80000000e-04,
         6.90000000e-04,   7.00000000e-04,   7.10000000e-04,
         7.20000000e-04,   7.30000000e-04,   7.40000000e-04,
         7.50000000e-04,   7.60000000e-04,   7.70000000e-04,
         7.80000000e-04,   7.90000000e-04,   8.00000000e-04,
         8.10000000e-04,   8.20000000e-04,   8.30000000e-04,
         8.40000000e-04,   8.50000000e-04,   8.60000000e-04,
         8.70000000e-04,   8.80000000e-04,   8.90000000e-04,
         9.00000000e-04,   9.10000000e-04,   9.20000000e-04,
         9.30000000e-04,   9.40000000e-04,   9.50000000e-04,
         9.60000000e-04,   9.70000000e-04,   9.80000000e-04,
         9.90000000e-04,   1.00000000e-03])]
[array([ 111912.,       0.,       0.,       0.,       0.,       0.,
             0.,       0.,       0.,       0.,       0.,       0.,
             0.,       0.,       0.,       0.,       0.,       0.,
             0.,       0.,       0.,       0.,       0.,       0.,
             0.,       0.,       0.,       0.,       0.,       0.,
             0.,       0.,       0.,       0.,       0.,       0.,
             0.,       0.,       0.,       0.,       0.,       0.,
             0.,       0.,       0.,       0.,       0.,       0.,
             0.,       0.,       0.,       0.,       0.,       0.,
             0.,       0.,       0.,       0.,       0.,       0.,
             0.,       0.,       0.,       0.,       0.,       0.,
             0.,       0.,       0.,       0.,       0.,       0.,
             0.,       0.,       0.,       0.,       0.,       0.,
             0.,       0.,       0.,       0.,       0.,       0.,
             0.,       0.,       0.,       0.,       0.,       0.,
             0.,       0.,       0.,       0.,       0.,       0.,
             0.,       0.,       0.,       0.]), array([  0.00000000e+00,   1.00000000e-05,   2.00000000e-05,
         3.00000000e-05,   4.00000000e-05,   5.00000000e-05,
         6.00000000e-05,   7.00000000e-05,   8.00000000e-05,
         9.00000000e-05,   1.00000000e-04,   1.10000000e-04,
         1.20000000e-04,   1.30000000e-04,   1.40000000e-04,
         1.50000000e-04,   1.60000000e-04,   1.70000000e-04,
         1.80000000e-04,   1.90000000e-04,   2.00000000e-04,
         2.10000000e-04,   2.20000000e-04,   2.30000000e-04,
         2.40000000e-04,   2.50000000e-04,   2.60000000e-04,
         2.70000000e-04,   2.80000000e-04,   2.90000000e-04,
         3.00000000e-04,   3.10000000e-04,   3.20000000e-04,
         3.30000000e-04,   3.40000000e-04,   3.50000000e-04,
         3.60000000e-04,   3.70000000e-04,   3.80000000e-04,
         3.90000000e-04,   4.00000000e-04,   4.10000000e-04,
         4.20000000e-04,   4.30000000e-04,   4.40000000e-04,
         4.50000000e-04,   4.60000000e-04,   4.70000000e-04,
         4.80000000e-04,   4.90000000e-04,   5.00000000e-04,
         5.10000000e-04,   5.20000000e-04,   5.30000000e-04,
         5.40000000e-04,   5.50000000e-04,   5.60000000e-04,
         5.70000000e-04,   5.80000000e-04,   5.90000000e-04,
         6.00000000e-04,   6.10000000e-04,   6.20000000e-04,
         6.30000000e-04,   6.40000000e-04,   6.50000000e-04,
         6.60000000e-04,   6.70000000e-04,   6.80000000e-04,
         6.90000000e-04,   7.00000000e-04,   7.10000000e-04,
         7.20000000e-04,   7.30000000e-04,   7.40000000e-04,
         7.50000000e-04,   7.60000000e-04,   7.70000000e-04,
         7.80000000e-04,   7.90000000e-04,   8.00000000e-04,
         8.10000000e-04,   8.20000000e-04,   8.30000000e-04,
         8.40000000e-04,   8.50000000e-04,   8.60000000e-04,
         8.70000000e-04,   8.80000000e-04,   8.90000000e-04,
         9.00000000e-04,   9.10000000e-04,   9.20000000e-04,
         9.30000000e-04,   9.40000000e-04,   9.50000000e-04,
         9.60000000e-04,   9.70000000e-04,   9.80000000e-04,
         9.90000000e-04,   1.00000000e-03])]
[array([ 99110.,      0.,      0.,      0.,      0.,      0.,      0.,
            0.,      0.,      0.,      0.,      0.,      0.,      0.,
            0.,      0.,      0.,      0.,      0.,      0.,      0.,
            0.,      0.,      0.,      0.,      0.,      0.,      0.,
            0.,      0.,      0.,      0.,      0.,      0.,      0.,
            0.,      0.,      0.,      0.,      0.,      0.,      0.,
            0.,      0.,      0.,      0.,      0.,      0.,      0.,
            0.,      0.,      0.,      0.,      0.,      0.,      0.,
            0.,      0.,      0.,      0.,      0.,      0.,      0.,
            0.,      0.,      0.,      0.,      0.,      0.,      0.,
            0.,      0.,      0.,      0.,      0.,      0.,      0.,
            0.,      0.,      0.,      0.,      0.,      0.,      0.,
            0.,      0.,      0.,      0.,      0.,      0.,      0.,
            0.,      0.,      0.,      0.,      0.,      0.,      0.,
            0.,      0.]), array([  0.00000000e+00,   1.00000000e-05,   2.00000000e-05,
         3.00000000e-05,   4.00000000e-05,   5.00000000e-05,
         6.00000000e-05,   7.00000000e-05,   8.00000000e-05,
         9.00000000e-05,   1.00000000e-04,   1.10000000e-04,
         1.20000000e-04,   1.30000000e-04,   1.40000000e-04,
         1.50000000e-04,   1.60000000e-04,   1.70000000e-04,
         1.80000000e-04,   1.90000000e-04,   2.00000000e-04,
         2.10000000e-04,   2.20000000e-04,   2.30000000e-04,
         2.40000000e-04,   2.50000000e-04,   2.60000000e-04,
         2.70000000e-04,   2.80000000e-04,   2.90000000e-04,
         3.00000000e-04,   3.10000000e-04,   3.20000000e-04,
         3.30000000e-04,   3.40000000e-04,   3.50000000e-04,
         3.60000000e-04,   3.70000000e-04,   3.80000000e-04,
         3.90000000e-04,   4.00000000e-04,   4.10000000e-04,
         4.20000000e-04,   4.30000000e-04,   4.40000000e-04,
         4.50000000e-04,   4.60000000e-04,   4.70000000e-04,
         4.80000000e-04,   4.90000000e-04,   5.00000000e-04,
         5.10000000e-04,   5.20000000e-04,   5.30000000e-04,
         5.40000000e-04,   5.50000000e-04,   5.60000000e-04,
         5.70000000e-04,   5.80000000e-04,   5.90000000e-04,
         6.00000000e-04,   6.10000000e-04,   6.20000000e-04,
         6.30000000e-04,   6.40000000e-04,   6.50000000e-04,
         6.60000000e-04,   6.70000000e-04,   6.80000000e-04,
         6.90000000e-04,   7.00000000e-04,   7.10000000e-04,
         7.20000000e-04,   7.30000000e-04,   7.40000000e-04,
         7.50000000e-04,   7.60000000e-04,   7.70000000e-04,
         7.80000000e-04,   7.90000000e-04,   8.00000000e-04,
         8.10000000e-04,   8.20000000e-04,   8.30000000e-04,
         8.40000000e-04,   8.50000000e-04,   8.60000000e-04,
         8.70000000e-04,   8.80000000e-04,   8.90000000e-04,
         9.00000000e-04,   9.10000000e-04,   9.20000000e-04,
         9.30000000e-04,   9.40000000e-04,   9.50000000e-04,
         9.60000000e-04,   9.70000000e-04,   9.80000000e-04,
         9.90000000e-04,   1.00000000e-03])]
[array([ 86219.,      0.,      0.,      0.,      0.,      0.,      0.,
            0.,      0.,      0.,      0.,      0.,      0.,      0.,
            0.,      0.,      0.,      0.,      0.,      0.,      0.,
            0.,      0.,      0.,      0.,      0.,      0.,      0.,
            0.,      0.,      0.,      0.,      0.,      0.,      0.,
            0.,      0.,      0.,      0.,      0.,      0.,      0.,
            0.,      0.,      0.,      0.,      0.,      0.,      0.,
            0.,      0.,      0.,      0.,      0.,      0.,      0.,
            0.,      0.,      0.,      0.,      0.,      0.,      0.,
            0.,      0.,      0.,      0.,      0.,      0.,      0.,
            0.,      0.,      0.,      0.,      0.,      0.,      0.,
            0.,      0.,      0.,      0.,      0.,      0.,      0.,
            0.,      0.,      0.,      0.,      0.,      0.,      0.,
            0.,      0.,      0.,      0.,      0.,      0.,      0.,
            0.,      0.]), array([  0.00000000e+00,   1.00000000e-05,   2.00000000e-05,
         3.00000000e-05,   4.00000000e-05,   5.00000000e-05,
         6.00000000e-05,   7.00000000e-05,   8.00000000e-05,
         9.00000000e-05,   1.00000000e-04,   1.10000000e-04,
         1.20000000e-04,   1.30000000e-04,   1.40000000e-04,
         1.50000000e-04,   1.60000000e-04,   1.70000000e-04,
         1.80000000e-04,   1.90000000e-04,   2.00000000e-04,
         2.10000000e-04,   2.20000000e-04,   2.30000000e-04,
         2.40000000e-04,   2.50000000e-04,   2.60000000e-04,
         2.70000000e-04,   2.80000000e-04,   2.90000000e-04,
         3.00000000e-04,   3.10000000e-04,   3.20000000e-04,
         3.30000000e-04,   3.40000000e-04,   3.50000000e-04,
         3.60000000e-04,   3.70000000e-04,   3.80000000e-04,
         3.90000000e-04,   4.00000000e-04,   4.10000000e-04,
         4.20000000e-04,   4.30000000e-04,   4.40000000e-04,
         4.50000000e-04,   4.60000000e-04,   4.70000000e-04,
         4.80000000e-04,   4.90000000e-04,   5.00000000e-04,
         5.10000000e-04,   5.20000000e-04,   5.30000000e-04,
         5.40000000e-04,   5.50000000e-04,   5.60000000e-04,
         5.70000000e-04,   5.80000000e-04,   5.90000000e-04,
         6.00000000e-04,   6.10000000e-04,   6.20000000e-04,
         6.30000000e-04,   6.40000000e-04,   6.50000000e-04,
         6.60000000e-04,   6.70000000e-04,   6.80000000e-04,
         6.90000000e-04,   7.00000000e-04,   7.10000000e-04,
         7.20000000e-04,   7.30000000e-04,   7.40000000e-04,
         7.50000000e-04,   7.60000000e-04,   7.70000000e-04,
         7.80000000e-04,   7.90000000e-04,   8.00000000e-04,
         8.10000000e-04,   8.20000000e-04,   8.30000000e-04,
         8.40000000e-04,   8.50000000e-04,   8.60000000e-04,
         8.70000000e-04,   8.80000000e-04,   8.90000000e-04,
         9.00000000e-04,   9.10000000e-04,   9.20000000e-04,
         9.30000000e-04,   9.40000000e-04,   9.50000000e-04,
         9.60000000e-04,   9.70000000e-04,   9.80000000e-04,
         9.90000000e-04,   1.00000000e-03])]
[array([ 70631.,      0.,      0.,      0.,      0.,      0.,      0.,
            0.,      0.,      0.,      0.,      0.,      0.,      0.,
            0.,      0.,      0.,      0.,      0.,      0.,      0.,
            0.,      0.,      0.,      0.,      0.,      0.,      0.,
            0.,      0.,      0.,      0.,      0.,      0.,      0.,
            0.,      0.,      0.,      0.,      0.,      0.,      0.,
            0.,      0.,      0.,      0.,      0.,      0.,      0.,
            0.,      0.,      0.,      0.,      0.,      0.,      0.,
            0.,      0.,      0.,      0.,      0.,      0.,      0.,
            0.,      0.,      0.,      0.,      0.,      0.,      0.,
            0.,      0.,      0.,      0.,      0.,      0.,      0.,
            0.,      0.,      0.,      0.,      0.,      0.,      0.,
            0.,      0.,      0.,      0.,      0.,      0.,      0.,
            0.,      0.,      0.,      0.,      0.,      0.,      0.,
            0.,      0.]), array([  0.00000000e+00,   1.00000000e-05,   2.00000000e-05,
         3.00000000e-05,   4.00000000e-05,   5.00000000e-05,
         6.00000000e-05,   7.00000000e-05,   8.00000000e-05,
         9.00000000e-05,   1.00000000e-04,   1.10000000e-04,
         1.20000000e-04,   1.30000000e-04,   1.40000000e-04,
         1.50000000e-04,   1.60000000e-04,   1.70000000e-04,
         1.80000000e-04,   1.90000000e-04,   2.00000000e-04,
         2.10000000e-04,   2.20000000e-04,   2.30000000e-04,
         2.40000000e-04,   2.50000000e-04,   2.60000000e-04,
         2.70000000e-04,   2.80000000e-04,   2.90000000e-04,
         3.00000000e-04,   3.10000000e-04,   3.20000000e-04,
         3.30000000e-04,   3.40000000e-04,   3.50000000e-04,
         3.60000000e-04,   3.70000000e-04,   3.80000000e-04,
         3.90000000e-04,   4.00000000e-04,   4.10000000e-04,
         4.20000000e-04,   4.30000000e-04,   4.40000000e-04,
         4.50000000e-04,   4.60000000e-04,   4.70000000e-04,
         4.80000000e-04,   4.90000000e-04,   5.00000000e-04,
         5.10000000e-04,   5.20000000e-04,   5.30000000e-04,
         5.40000000e-04,   5.50000000e-04,   5.60000000e-04,
         5.70000000e-04,   5.80000000e-04,   5.90000000e-04,
         6.00000000e-04,   6.10000000e-04,   6.20000000e-04,
         6.30000000e-04,   6.40000000e-04,   6.50000000e-04,
         6.60000000e-04,   6.70000000e-04,   6.80000000e-04,
         6.90000000e-04,   7.00000000e-04,   7.10000000e-04,
         7.20000000e-04,   7.30000000e-04,   7.40000000e-04,
         7.50000000e-04,   7.60000000e-04,   7.70000000e-04,
         7.80000000e-04,   7.90000000e-04,   8.00000000e-04,
         8.10000000e-04,   8.20000000e-04,   8.30000000e-04,
         8.40000000e-04,   8.50000000e-04,   8.60000000e-04,
         8.70000000e-04,   8.80000000e-04,   8.90000000e-04,
         9.00000000e-04,   9.10000000e-04,   9.20000000e-04,
         9.30000000e-04,   9.40000000e-04,   9.50000000e-04,
         9.60000000e-04,   9.70000000e-04,   9.80000000e-04,
         9.90000000e-04,   1.00000000e-03])]
[array([ 54265.,      0.,      0.,      0.,      0.,      0.,      0.,
            0.,      0.,      0.,      0.,      0.,      0.,      0.,
            0.,      0.,      0.,      0.,      0.,      0.,      0.,
            0.,      0.,      0.,      0.,      0.,      0.,      0.,
            0.,      0.,      0.,      0.,      0.,      0.,      0.,
            0.,      0.,      0.,      0.,      0.,      0.,      0.,
            0.,      0.,      0.,      0.,      0.,      0.,      0.,
            0.,      0.,      0.,      0.,      0.,      0.,      0.,
            0.,      0.,      0.,      0.,      0.,      0.,      0.,
            0.,      0.,      0.,      0.,      0.,      0.,      0.,
            0.,      0.,      0.,      0.,      0.,      0.,      0.,
            0.,      0.,      0.,      0.,      0.,      0.,      0.,
            0.,      0.,      0.,      0.,      0.,      0.,      0.,
            0.,      0.,      0.,      0.,      0.,      0.,      0.,
            0.,      0.]), array([  0.00000000e+00,   1.00000000e-05,   2.00000000e-05,
         3.00000000e-05,   4.00000000e-05,   5.00000000e-05,
         6.00000000e-05,   7.00000000e-05,   8.00000000e-05,
         9.00000000e-05,   1.00000000e-04,   1.10000000e-04,
         1.20000000e-04,   1.30000000e-04,   1.40000000e-04,
         1.50000000e-04,   1.60000000e-04,   1.70000000e-04,
         1.80000000e-04,   1.90000000e-04,   2.00000000e-04,
         2.10000000e-04,   2.20000000e-04,   2.30000000e-04,
         2.40000000e-04,   2.50000000e-04,   2.60000000e-04,
         2.70000000e-04,   2.80000000e-04,   2.90000000e-04,
         3.00000000e-04,   3.10000000e-04,   3.20000000e-04,
         3.30000000e-04,   3.40000000e-04,   3.50000000e-04,
         3.60000000e-04,   3.70000000e-04,   3.80000000e-04,
         3.90000000e-04,   4.00000000e-04,   4.10000000e-04,
         4.20000000e-04,   4.30000000e-04,   4.40000000e-04,
         4.50000000e-04,   4.60000000e-04,   4.70000000e-04,
         4.80000000e-04,   4.90000000e-04,   5.00000000e-04,
         5.10000000e-04,   5.20000000e-04,   5.30000000e-04,
         5.40000000e-04,   5.50000000e-04,   5.60000000e-04,
         5.70000000e-04,   5.80000000e-04,   5.90000000e-04,
         6.00000000e-04,   6.10000000e-04,   6.20000000e-04,
         6.30000000e-04,   6.40000000e-04,   6.50000000e-04,
         6.60000000e-04,   6.70000000e-04,   6.80000000e-04,
         6.90000000e-04,   7.00000000e-04,   7.10000000e-04,
         7.20000000e-04,   7.30000000e-04,   7.40000000e-04,
         7.50000000e-04,   7.60000000e-04,   7.70000000e-04,
         7.80000000e-04,   7.90000000e-04,   8.00000000e-04,
         8.10000000e-04,   8.20000000e-04,   8.30000000e-04,
         8.40000000e-04,   8.50000000e-04,   8.60000000e-04,
         8.70000000e-04,   8.80000000e-04,   8.90000000e-04,
         9.00000000e-04,   9.10000000e-04,   9.20000000e-04,
         9.30000000e-04,   9.40000000e-04,   9.50000000e-04,
         9.60000000e-04,   9.70000000e-04,   9.80000000e-04,
         9.90000000e-04,   1.00000000e-03])]
[array([ 36298.,      0.,      0.,      0.,      0.,      0.,      0.,
            0.,      0.,      0.,      0.,      0.,      0.,      0.,
            0.,      0.,      0.,      0.,      0.,      0.,      0.,
            0.,      0.,      0.,      0.,      0.,      0.,      0.,
            0.,      0.,      0.,      0.,      0.,      0.,      0.,
            0.,      0.,      0.,      0.,      0.,      0.,      0.,
            0.,      0.,      0.,      0.,      0.,      0.,      0.,
            0.,      0.,      0.,      0.,      0.,      0.,      0.,
            0.,      0.,      0.,      0.,      0.,      0.,      0.,
            0.,      0.,      0.,      0.,      0.,      0.,      0.,
            0.,      0.,      0.,      0.,      0.,      0.,      0.,
            0.,      0.,      0.,      0.,      0.,      0.,      0.,
            0.,      0.,      0.,      0.,      0.,      0.,      0.,
            0.,      0.,      0.,      0.,      0.,      0.,      0.,
            0.,      0.]), array([  0.00000000e+00,   1.00000000e-05,   2.00000000e-05,
         3.00000000e-05,   4.00000000e-05,   5.00000000e-05,
         6.00000000e-05,   7.00000000e-05,   8.00000000e-05,
         9.00000000e-05,   1.00000000e-04,   1.10000000e-04,
         1.20000000e-04,   1.30000000e-04,   1.40000000e-04,
         1.50000000e-04,   1.60000000e-04,   1.70000000e-04,
         1.80000000e-04,   1.90000000e-04,   2.00000000e-04,
         2.10000000e-04,   2.20000000e-04,   2.30000000e-04,
         2.40000000e-04,   2.50000000e-04,   2.60000000e-04,
         2.70000000e-04,   2.80000000e-04,   2.90000000e-04,
         3.00000000e-04,   3.10000000e-04,   3.20000000e-04,
         3.30000000e-04,   3.40000000e-04,   3.50000000e-04,
         3.60000000e-04,   3.70000000e-04,   3.80000000e-04,
         3.90000000e-04,   4.00000000e-04,   4.10000000e-04,
         4.20000000e-04,   4.30000000e-04,   4.40000000e-04,
         4.50000000e-04,   4.60000000e-04,   4.70000000e-04,
         4.80000000e-04,   4.90000000e-04,   5.00000000e-04,
         5.10000000e-04,   5.20000000e-04,   5.30000000e-04,
         5.40000000e-04,   5.50000000e-04,   5.60000000e-04,
         5.70000000e-04,   5.80000000e-04,   5.90000000e-04,
         6.00000000e-04,   6.10000000e-04,   6.20000000e-04,
         6.30000000e-04,   6.40000000e-04,   6.50000000e-04,
         6.60000000e-04,   6.70000000e-04,   6.80000000e-04,
         6.90000000e-04,   7.00000000e-04,   7.10000000e-04,
         7.20000000e-04,   7.30000000e-04,   7.40000000e-04,
         7.50000000e-04,   7.60000000e-04,   7.70000000e-04,
         7.80000000e-04,   7.90000000e-04,   8.00000000e-04,
         8.10000000e-04,   8.20000000e-04,   8.30000000e-04,
         8.40000000e-04,   8.50000000e-04,   8.60000000e-04,
         8.70000000e-04,   8.80000000e-04,   8.90000000e-04,
         9.00000000e-04,   9.10000000e-04,   9.20000000e-04,
         9.30000000e-04,   9.40000000e-04,   9.50000000e-04,
         9.60000000e-04,   9.70000000e-04,   9.80000000e-04,
         9.90000000e-04,   1.00000000e-03])]
