0.0
0.102580728829
0.138633121515
0.125707863226
0.101456793326
0.0817446937276
0.0667444775861
0.0557644922838
0.044395452384
0.0366575887261
0.0288764967795
0.024164613323
0.0219167423162
0.0196256430208
0.015259585873
0.014092422081
0.0109799853024
0.00894825573856
0.0106773872822
0.00855920114123
0.00618164526866
0.00635455842303
0.00730558077206
0.00462542687935
0.00458219859076
0.00466865516794
0.00311243677863
0.00371763281892
0.00319889335581
0.00302598020144
0.00293952362426
0.00207495785242
0.00229109929538
0.00172913154368
0.00155621838931
0.00203172956383
0.00134007694635
0.00177235983227
0.00134007694635
0.000907794060433
0.00116716379199
0.000778109194657
0.000907794060433
0.000734880906065
0.000907794060433
0.000951022349025
0.000605196040289
0.000389054597328
0.000734880906065
0.000734880906065
0.000605196040289
0.000518739463105
0.000432282885921
0.000432282885921
0.000302598020144
0.000389054597328
0.000389054597328
0.000302598020144
0.000302598020144
0.000345826308736
0.000389054597328
4.32282885921e-05
0.000129684865776
0.000345826308736
0.000345826308736
0.000129684865776
0.000129684865776
0.000259369731552
8.64565771841e-05
4.32282885921e-05
4.32282885921e-05
0.000129684865776
0.000172913154368
0.00021614144296
0.000259369731552
0.00021614144296
0.000345826308736
8.64565771841e-05
4.32282885921e-05
8.64565771841e-05
0.000129684865776
8.64565771841e-05
4.32282885921e-05
0.000172913154368
0.000129684865776
4.32282885921e-05
8.64565771841e-05
4.32282885921e-05
8.64565771841e-05
8.64565771841e-05
0.000129684865776
8.64565771841e-05
0.000129684865776
8.64565771841e-05
0.000172913154368
0.0
8.64565771841e-05
8.64565771841e-05
8.64565771841e-05
4.32282885921e-05
0.0
8.64565771841e-05
8.64565771841e-05
4.32282885921e-05
4.32282885921e-05
0.0
4.32282885921e-05
0.0
0.0
0.0
4.32282885921e-05
4.32282885921e-05
0.0
0.0
0.0
0.0
0.0
0.0
0.0
4.32282885921e-05
4.32282885921e-05
0.0
4.32282885921e-05
0.0
8.64565771841e-05
4.32282885921e-05
0.0
0.0
4.32282885921e-05
0.0
4.32282885921e-05
0.0
4.32282885921e-05
0.0
0.0
0.0
0.0
0.0
0.0
4.32282885921e-05
0.0
0.0
4.32282885921e-05
0.0
0.0
0.0
0.0
0.0
4.32282885921e-05
0.0
0.0
0.0
0.0
0.0
0.0
0.0
0.0
0.0
4.32282885921e-05
0.0
0.0
0.0
0.0
0.0
0.0
0.0
4.32282885921e-05
0.0
0.0
0.0
0.0
0.0
0.0
0.0
0.0
0.0
0.0
0.0
0.0
0.0
0.0
0.0
4.32282885921e-05
0.0
0.0
0.0
0.0
0.0
0.0
0.0
4.32282885921e-05
0.0
0.0
0.0
0.0
0.0
0.0
0.0
0.0
0.0
0.0
4.32282885921e-05
0.0
0.0
0.0
0.0
0.0
0.0
0.0
0.0
0.0
0.0
0.0
0.0
0.0
0.0
0.0
0.0
0.0
0.0
0.0
0.0
0.0
0.0
0.0
0.0
0.0
0.0
0.0
0.0
0.0
0.0
0.0
0.0
0.0
0.0
0.0
0.0
0.0
0.0
0.0
0.0
0.0
0.0
0.0
0.0
0.0
0.0
0.0
0.0
0.0
0.0
0.0
4.32282885921e-05
0.0
0.0
0.0
0.0
0.0
0.0
0.0
0.0
0.0
0.0
0.0
0.0
0.0
0.0
0.0
0.0
0.0
0.0
0.0
0.0
0.0
0.0
0.0
0.0
0.0
0.0
4.32282885921e-05
