0.0
2373.0
3207.0
2908.0
2347.0
1891.0
1544.0
1290.0
1027.0
848.0
668.0
559.0
507.0
454.0
353.0
326.0
254.0
207.0
247.0
198.0
143.0
147.0
169.0
107.0
106.0
108.0
72.0
86.0
74.0
70.0
68.0
48.0
53.0
40.0
36.0
47.0
31.0
41.0
31.0
21.0
27.0
18.0
21.0
17.0
21.0
22.0
14.0
9.0
17.0
17.0
14.0
12.0
10.0
10.0
7.0
9.0
9.0
7.0
7.0
8.0
9.0
1.0
3.0
8.0
8.0
3.0
3.0
6.0
2.0
1.0
1.0
3.0
4.0
5.0
6.0
5.0
8.0
2.0
1.0
2.0
3.0
2.0
1.0
4.0
3.0
1.0
2.0
1.0
2.0
2.0
3.0
2.0
3.0
2.0
4.0
0.0
2.0
2.0
2.0
1.0
0.0
2.0
2.0
1.0
1.0
0.0
1.0
0.0
0.0
0.0
1.0
1.0
0.0
0.0
0.0
0.0
0.0
0.0
0.0
1.0
1.0
0.0
1.0
0.0
2.0
1.0
0.0
0.0
1.0
0.0
1.0
0.0
1.0
0.0
0.0
0.0
0.0
0.0
0.0
1.0
0.0
0.0
1.0
0.0
0.0
0.0
0.0
0.0
1.0
0.0
0.0
0.0
0.0
0.0
0.0
0.0
0.0
0.0
1.0
0.0
0.0
0.0
0.0
0.0
0.0
0.0
1.0
0.0
0.0
0.0
0.0
0.0
0.0
0.0
0.0
0.0
0.0
0.0
0.0
0.0
0.0
0.0
1.0
0.0
0.0
0.0
0.0
0.0
0.0
0.0
1.0
0.0
0.0
0.0
0.0
0.0
0.0
0.0
0.0
0.0
0.0
1.0
0.0
0.0
0.0
0.0
0.0
0.0
0.0
0.0
0.0
0.0
0.0
0.0
0.0
0.0
0.0
0.0
0.0
0.0
0.0
0.0
0.0
0.0
0.0
0.0
0.0
0.0
0.0
0.0
0.0
0.0
0.0
0.0
0.0
0.0
0.0
0.0
0.0
0.0
0.0
0.0
0.0
0.0
0.0
0.0
0.0
0.0
0.0
0.0
0.0
0.0
0.0
1.0
0.0
0.0
0.0
0.0
0.0
0.0
0.0
0.0
0.0
0.0
0.0
0.0
0.0
0.0
0.0
0.0
0.0
0.0
0.0
0.0
0.0
0.0
0.0
0.0
0.0
0.0
1.0
